1000	1.0	0.13	0.20	8.0
-1.0	-0.9	-0.8	-0.7	-0.6	-0.5	-0.4	-0.3	-0.2	-0.1	0.0	0.1	0.2	0.3	0.4	0.5	0.6	0.7	0.8	0.9	1.0	
0.08529283967087586	0.09597446836285396	0.09667385315958371	0.11485734352454416	0.13578375601492976	0.13290441149004192	0.16025652819301306	0.2396989634952973	0.28911819085748797	0.3580950922439196	0.42072828535006906	0.47180540205685145	0.5572779634536675	0.5972437709601055	0.6285455450475143	0.662855899933202	0.6845248703403981	0.7074264642961536	0.7292742126883056	0.7484062220792757	0.7595995885571951	
1000	2.0	0.13	0.20	8.0
-1.0	-0.9	-0.8	-0.7	-0.6	-0.5	-0.4	-0.3	-0.2	-0.1	0.0	0.1	0.2	0.3	0.4	0.5	0.6	0.7	0.8	0.9	1.0	
0.11964139943463115	0.12494200768346878	0.14544287182925103	0.17295051125106584	0.23470260019079178	0.2969008521886475	0.4128417390645532	0.4895146659115232	0.5603024013060638	0.6182840031824085	0.6673143676495934	0.710048568938291	0.7372388587399008	0.7650945283636521	0.7904761625897709	0.8142498600481881	0.8313656013824999	0.8471199278610294	0.8598016344892153	0.8766859030817262	0.8868841672438318	
1000	3.0	0.13	0.20	8.0
-1.0	-0.9	-0.8	-0.7	-0.6	-0.5	-0.4	-0.3	-0.2	-0.1	0.0	0.1	0.2	0.3	0.4	0.5	0.6	0.7	0.8	0.9	1.0	
0.11080024828360162	0.12255329157399768	0.13503368540094735	0.16054491959018996	0.23089265933937134	0.3001346184490214	0.4047842895665955	0.5068980855400366	0.5942711119466276	0.6458714495442278	0.6982469727005485	0.7384366193916887	0.770565963638876	0.8026846598882755	0.834948441627352	0.8543538291117654	0.8703651535618355	0.8914816543593316	0.9066972847829173	0.9174238999604892	0.9266536531349969	
1000	4.0	0.13	0.20	8.0
-1.0	-0.9	-0.8	-0.7	-0.6	-0.5	-0.4	-0.3	-0.2	-0.1	0.0	0.1	0.2	0.3	0.4	0.5	0.6	0.7	0.8	0.9	1.0	
0.0937783316773747	0.1044124240539698	0.1131514790251124	0.13409427516393896	0.17919029887774143	0.2369487157275628	0.3368435466079085	0.46128920526821504	0.5725229825729469	0.6354106201124814	0.695385177673276	0.743862840779103	0.778738747464618	0.813156099345678	0.8407591875193567	0.8667350950379908	0.8905501245843317	0.9083159730898991	0.9236653571078325	0.9358527514794908	0.948296243088174	
1000	5.0	0.13	0.20	8.0
-1.0	-0.9	-0.8	-0.7	-0.6	-0.5	-0.4	-0.3	-0.2	-0.1	0.0	0.1	0.2	0.3	0.4	0.5	0.6	0.7	0.8	0.9	1.0	
0.08064128293198711	0.08314133592433579	0.10499441936361002	0.12457583894935467	0.15061834161148652	0.2033235047733815	0.30504652901524787	0.4174378534097244	0.542376558754452	0.6182053722946841	0.6761554239459528	0.7339647657942044	0.772750842928122	0.8114188778542857	0.8491897705879154	0.8700327736112282	0.9007519728615685	0.920926673261263	0.9385282218484285	0.9488646702485932	0.9589221430395194	
1000	10.0	0.13	0.20	8.0
-1.0	-0.9	-0.8	-0.7	-0.6	-0.5	-0.4	-0.3	-0.2	-0.1	0.0	0.1	0.2	0.3	0.4	0.5	0.6	0.7	0.8	0.9	1.0	
0.03465480872431498	0.04560170692921868	0.043324439423554795	0.0540385696724656	0.05974636528248926	0.08107456453156661	0.10306325875733624	0.19710373195790537	0.3729957608051072	0.505291619373581	0.6048955295720586	0.6865631824762672	0.7453025042390633	0.803504859329019	0.8507063079276127	0.8881582931587069	0.9194542082333829	0.9409281986920535	0.9571659209484003	0.9663747870733044	0.9745046720713114	
1000	15.0	0.13	0.20	8.0
-1.0	-0.9	-0.8	-0.7	-0.6	-0.5	-0.4	-0.3	-0.2	-0.1	0.0	0.1	0.2	0.3	0.4	0.5	0.6	0.7	0.8	0.9	1.0	
0.023921783061014543	0.025206973956578664	0.025164530971392752	0.0311042037468544	0.03971766041121151	0.04781045204523595	0.05845013900999123	0.06700299058635002	0.1373003300751014	0.34210753633252444	0.501755103170507	0.6340768919116229	0.7208798700094826	0.7982097477294737	0.8568840864923658	0.9039055626266986	0.9327790299252241	0.9579555911106088	0.9686096319987767	0.9751229436637953	0.9813344274381801	
1000	20.0	0.13	0.20	8.0
-1.0	-0.9	-0.8	-0.7	-0.6	-0.5	-0.4	-0.3	-0.2	-0.1	0.0	0.1	0.2	0.3	0.4	0.5	0.6	0.7	0.8	0.9	1.0	
0.017577293055325495	0.020297090769040592	0.020665162182598593	0.02278779727302914	0.025253640451361997	0.03406762069522599	0.03782915313466044	0.043132963864271665	0.06104388039714385	0.12059299828179496	0.3394717327005705	0.5473645132462194	0.6734497404497662	0.7725783938920108	0.8543742788026428	0.9102667225711478	0.9453916556192459	0.9649190320760039	0.9745912473276173	0.9801949322919301	0.9838320048093662	
1000	30.0	0.13	0.20	8.0
-1.0	-0.9	-0.8	-0.7	-0.6	-0.5	-0.4	-0.3	-0.2	-0.1	0.0	0.1	0.2	0.3	0.4	0.5	0.6	0.7	0.8	0.9	1.0	
0.012660343151075662	0.012950898778139245	0.01441769922743776	0.017212036557307082	0.01685585531282273	0.020632261079132946	0.019317403790595516	0.025056877078818353	0.029436963169695556	0.03743844722767033	0.06117873276050802	0.18940278206006148	0.47124948277820716	0.635215981450307	0.7604619323261221	0.8563116281762054	0.921166882981667	0.9544923029060787	0.971090086894262	0.9792871573072803	0.9832403881409437	
1000	40.0	0.13	0.20	8.0
-1.0	-0.9	-0.8	-0.7	-0.6	-0.5	-0.4	-0.3	-0.2	-0.1	0.0	0.1	0.2	0.3	0.4	0.5	0.6	0.7	0.8	0.9	1.0	
0.01006915136026365	0.010038804289047494	0.010562950486560186	0.011679531871849145	0.012794618927588935	0.015779036508022173	0.015468919004719844	0.018734650811042784	0.023080651601416258	0.024651747741407284	0.03236364516857014	0.05018333927755496	0.1375458966446581	0.48421243017822535	0.6836270737061235	0.8237642516333272	0.912687568419525	0.957374441577009	0.9755658446168358	0.9829561999052684	0.9864722265835818	
1000	I	0.13	0.20	8.0
-1.0	-0.9	-0.8	-0.7	-0.6	-0.5	-0.4	-0.3	-0.2	-0.1	0.0	0.1	0.2	0.3	0.4	0.5	0.6	0.7	0.8	0.9	1.0	
0.007693384180809458	0.007843733125368159	0.00857916329025726	0.00908722179701813	0.010515599399368499	0.010557756901628749	0.012951353447270057	0.01565144599004358	0.015658897913737188	0.01996429824450347	0.03050533153022079	0.03453889133410569	0.0911372311486945	0.3285187556212371	0.6454525796860331	0.8156892268384757	0.9167355811950948	0.9646308993965297	0.9797771197422385	0.9851950177203637	0.9878175342076027	
