2.542
0.9429
2.051
2.919
1.914
3.201
2.139
1.852
4.33
0.09709
0.5439
1.694
1.755
-0.07491
1.732
2.003
2.157
1.596
0.8958
2.339
1.675
2.703
2.658
1.36
0.9762
2.616
0.7772
2.037
3.118
1.015
1.812
1.263
2.505
0.7862
3.046
0.5078
3.451
1.475
3.665
2.696
1.277
0.9379
2.683
3.105
2.264
4.403
1.408
1.93
2.291
1.913
3.305
-0.1412
3.362
1.816
2.999
2.088
2.147
2.795
1.071
3.131
3.399
1.909
1.955
3.233
2.406
0.3188
1.894
0.2137
0.786
2.649
3.037
1.907
3.078
1.055
1.946
0.5554
2.015
3.487
2.215
1.85
2.872
1.113
2.186
0.9342
1.784
1.294
2.057
3.943
1.341
-0.1239
-0.2436
1.17
2.237
2.411
1.422
2.825
3.493
2.657
3.742
2.812
3.006
0.09848
1.627
3.111
2.285
2.05
2.254
1.385
3.58
2.914
1.437
1.687
2.245
2.346
2.09
3.83
1.296
2.192
2.86
2.499
2.169
3.107
2.896
1.14
4.254
1.833
2.974
2.414
2.635
0.38
2.009
3.559
2.85
1.518
1.772
4.177
1.197
1.562
2.114
0.2581
3.046
1.994
1.694
2.724
1.495
2.547
3.241
2.083
3.173
0.08824
2.338
1.106
0.872
0.264
1.93
2.071
0.7717
1.777
1.475
-0.4574
1.521
2.37
0.7638
2.32
1.835
0.8037
1.229
3.04
2.867
3.442
2.753
1.643
2.117
2.509
1.638
0.6923
0.9105
2.407
1.583
1.839
0.6414
2.399
0.908
4.059
1.668
1.284
0.748
1.861
2.107
1.636
1.621
2.569
2.388
2.76
0.344
0.8172
1.956
2.427
2.817
3.047
2.225
0.9439
0.1001
2.743
4.199
1.248
2.73
1.413
1.667
3.317
2.305
0.3973
0.5993
2.648
0.292
2.174
1.897
1.6
3.195
1.826
1.596
1.619
2.314
0.2709
1.95
3.742
3.077
3.279
1.087
2.511
3.094
3.665
2.032
1.229
-0.893
0.313
2.242
1.179
1.408
3.302
1.857
2.669
3.5
-0.4599
0.7028
0.8183
1.393
1.931
1.795
2.454
1.577
1.87
1.38
3.114
3.643
1.775
3.729
1.591
2.345
0.6521
2.473
2.746
3.269
3.971
2.474
3.342
2.236
2.531
1.236
2.056
3.34
0.1936
0.3432
1.648
2.163
3.187
2.771
1.417
0.9942
3.252
2.594
0.8407
1.828
1.166
1.247
1.144
3.273
2.103
1.705
0.7546
3.614
2.783
1.886
1.778
3.372
1.05
3.775
2.214
1.266
1.74
1.437
1.454
1.104
2.308
1.937
1.237
3.573
3.652
1.192
0.7148
1.717
2.615
1.257
3.614
3.989
0.03753
1.911
1.051
2.597
1.839
1.785
4.061
2.094
2.627
2.77
2.439
0.8426
2.432
2.093
1.3
1.813
3.106
0.4587
3.892
3.011
2.322
2.12
3.246
3.173
1.173
0.7709
2.744
2.166
1.341
-0.281
2.732
0.5518
2.318
1.281
2.41
1.554
1.237
2.396
1.069
1.906
2.227
2.058
1.078
0.9029
1.737
2.206
0.1964
0.3218
1.696
1.319
3.507
0.4842
2.575
1.468
1.787
0.4135
2.342
4.678
0.9927
1.917
2.718
1.875
1.486
0.4108
1.561
0.1741
2.369
2.2
2.312
3.484
2.354
0.7741
1.723
-0.1573
4.618
2.138
0.7605
2.668
0.7243
0.9134
1.647
2.01
0.7314
2.245
3.334
1.517
2.366
0.9384
3.275
2.495
3.002
3.176
2.187
4.059
1.983
2.038
0.6157
2.318
2.276
2.113
1.776
0.1776
4.45
2.115
2.789
2.184
1.467
0.06181
1.918
1.169
0.2895
1.98
1.269
2.259
1.59
2.175
2.838
3.196
3.373
3.552
2.268
2
1.123
0.9208
2.306
1.427
3.545
2.216
2.665
2.715
0.8857
-0.8174
2.488
2.518
3.079
1.705
1.307
2.474
3.064
1.389
0.8032
1.865
0.4715
1.246
3.359
1.929
1.229
0.4
3.068
2.397
2.725
2.402
2.587
2.867
1.78
0.8827
-0.04411
1.588
1.472
1.314
2.573
0.9354
1.453
2.903
3.579
1.286
0.5292
2.315
1.861
3.818
0.3774
0.2016
1.052
2.392
2.545
2.141
0.1386
2.892
2.851
1.568
2.774
1.396
3.123
1.82
0.318
0.5122
1.35
3.134
1.142
1.985
3.168
1.712
1.802
1.624
1.049
3.253
1.439
1.775
2.115
-0.1843
1.837
3.817
2.376
1.179
2.83
1.891
2.66
1.957
1.161
1.748
0.8724
2.673
3.942
2.398
1.855
2.024
3.071
0.7299
2.756
0.9784
1.551
2.654
3.292
3.325
1.805
2.503
1.195
2.301
2.953
2.988
1.818
1.531
2.722
1.812
1.683
-0.8256
2.741
1.274
1.928
0.1439
2.091
1.908
2.453
2.107
0.7015
0.6928
0.5816
1.894
2.497
1.853
2.695
3.012
2.495
0.2894
2.036
3.591
2.983
1.998
1.687
1.785
0.2793
3.877
2.41
3.397
2.368
2.504
2.852
2.041
2.631
1.18
3.096
2.036
1.172
0.5283
2.92
2.205
1.405
1.859
1.396
2.05
0.645
3.536
1.468
0.629
3.077
2.866
3.312
2.837
1.748
1.902
3.198
2.453
1.649
3.775
0.7466
4.219
3.174
1.338
2.96
2.108
0.2735
3.225
3.357
0.1701
0.1604
0.9373
2.498
3.188
1.128
1.32
2.04
1.569
2.57
3.352
3.252
1.912
1.368
2.224
0.596
2.722
2.453
2.769
1.974
0.9404
1.787
3.129
1.856
1.245
1.611
1.71
3.917
2.945
0.6134
1.639
1.121
2.337
4.447
1.285
2.437
2.563
3.143
2.741
3.474
2.522
4.119
-0.00982
1.733
1.597
1.937
2.43
1.811
3.594
2.979
1.553
1.495
0.1375
2.347
-0.1201
1.791
2.346
2.283
2.192
0.6863
2.699
2.985
1.768
3.263
1.827
2.68
1.346
1.986
3.446
2.023
3.33
1.943
2.636
2.459
1.803
0.9792
1.95
1.176
3.047
1.588
2.401
2.334
2.344
3.071
2.11
1.863
1.78
2.951
2.596
1.966
1.493
2.737
1.845
1.042
2.747
0.1714
1.204
2.275
3.713
2.871
1.912
2.423
0.5643
2.024
1.46
2.793
0.1873
1.134
2.394
1.288
2.842
1.285
1.996
0.4573
1.73
2.008
1.566
0.7228
1.869
0.997
1.005
2.523
2.793
0.9224
1.452
3.075
3.36
2.226
1.34
3.718
1.847
1.801
1.416
4.814
1.287
1.591
2.161
1.309
1.131
3.333
1.229
1.872
0.1845
0.7374
3.274
3.527
1.704
2.826
1.91
1.833
1.303
1.563
2.446
0.4489
2.775
0.614
1.494
1.778
2.251
1.35
4.744
2.623
0.3563
1.38
2.146
4.996
1.216
3.565
2.768
2.386
0.7756
3.416
1.734
3.532
2.826
2.181
1.99
1.564
0.5598
3.145
3.475
3.09
1.872
0.7917
1.365
2.002
2.965
3.261
3.775
2.697
2.532
0.7545
1.684
1.475
3.816
2.303
3.396
1.605
2.227
1.671
3.616
2.037
1.741
2.573
1.572
3.497
2.739
3.377
2.834
1.442
2.412
1.941
1.632
1.731
0.7025
1.472
2.36
1.825
0.1636
1.935
1.328
2.151
2.437
2.789
1.693
0.7557
3.887
1.827
1.752
2.906
1.386
0.04982
2.424
0.5234
3.668
2.304
3.51
2.667
2.186
2.272
0.6464
2.455
1.769
2.691
2
0.1218
2.757
1.753
1.721
0.9263
2.77
2.33
0.7418
2.334
1.922
2.712
0.001949
0.429
1.801
2.808
1.099
2.102
0.9784
4.168
2.421
3.885
3.304
1.376
0.0008347
2.851
2.409
1.973
0.7412
2.375
3.452
1.565
3.144
1.975
1.911
0.5681
2.334
1.123
3.067
1.33
1.485
1.255
1.657
1.798
0.6672
3.374
0.7694
1.08
1.953
0.2403
1.042
4.946
1.498
1.194
0.9193
2.597
2.186
2.172
-0.2309
2.08
1.706
3.07
3.605
0.5448
0.329
2.427
3.111
0.8903
1.909
1.895
2.288
2.051
1.387
1.728
0.9795
2.348
2.402
2.144
2.003
-0.1633
2.067
4.305
1.826
2.713
3.204
2.108
2.608
1.224
1.564
0.689
1.801
1.528
1.908
2.292
0.801
0.7353
2.312
2.833
3.68
1.556
1.755
1.25
1.529
3.455
0.7985
2.503
1.577
2.903
1.889
0.5373
1.36
2.081
1.677
1.677
1.844
2.569
0.196
0.4712
1.562
-0.4775
2.528
1.048
1.929
2.987
3.019
2.565
2.016
2.576
2.254
4.219
2.131
1.024
2.683
1.54
3.253
0.84
2.633
0.7013
2.841
3.64
2.562
2.366
1.289
2.515
1.363
3.552
3.089
2.122
3.421
1.841
2.298
2.126
3.588
1.41
0.9536
2.571
1.937
3.067
3.164
2.282
1.406
2.211
2.878
3.365
0.534
3.504
1.554
3.144
-0.02193
1.297
2.659
0.008892
3.477
2.391
2.461
3.016
2.29
2.756
1.727
1.442
2.15
3.233
2.363
1.048
1.334
3.076
0.9218
-0.139
1.981
1.312
1.577
2.556
3.232
3.538
3.211
4.329
0.2275
1.948
1.726
1.979
2.129
3.295
1.2
1.773
1.199
1.088
2.437
1.929
0.5812
0.9698
4.047
2.918
1.09
2.529
2.291
1.716
2.127
2.472
1.083
2.438
1.618
2.959
1.468
2.57
2.664
1.791
2.021
1.387
1.911
2.632
3.588
4.392
2.395
-0.2734
2.11
3.161
2.618
3.45
2.795
1.299
2.074
2.77
2.119
0.3898
1.065
0.4518
1.963
3.095
1.114
3.012
2.175
2.005
0.7905
0.1728
3.963
0.6869
4.282
1.647
1.546
0.596
3.56
2.673
3.469
0.4393
0.632
1.42
2.487
1.983
-0.0214
3.431
2.526
1.567
1.959
0.09974
2.62
2.829
1.751
-0.1127
2.032
1.204
1.083
3.355
0.6267
2.07
0.3449
1.839
1.896
0.725
2.445
1.049
2.315
1.309
2.316
2.194
3.14
0.6364
1.183
4.625
2.952
3.042
2.088
2.553
3.195
0.6838
2.426
3.074
0.5056
0.6963
2.542
1.735
2.735
2.626
2.827
0.5834
2.495
1.664
1.981
0.9472
0.8489
1.499
2.665
-0.2548
1.704
2.384
3.727
0.8837
0.8882
2.795
2.182
1.621
1.146
4.689
1.303
0.6254
0.4378
1.722
1.019
1.826
1.345
2.09
2.339
1.225
1.572
2.028
1.176
0.5474
0.4435
0.4676
2.075
0.9949
1.82
1.816
0.29
0.7711
1.309
1.672
0.1454
0.5303
3.213
2.184
2.11
2.112
1.133
1.715
0.2336
1.922
1.683
2.656
2.021
2.384
2.372
2.423
2.73
3.73
2.233
2.58
1.539
0.7843
1.822
2.108
2.069
2.498
3.99
1.133
3.142
3.926
1.999
2.108
2.748
2.016
2.927
1.005
2.782
4.075
3.284
4.353
4.62
1.404
2.708
1.208
0.8619
0.7753
1.644
1.636
1.548
1.428
3.069
2.052
1.199
0.8635
2.295
4.146
2.38
2.26
0.7375
0.5552
1.956
1.706
0.4756
2.063
2.536
1.414
2.216
3.405
1.473
1.021
2.357
3.767
0.978
2.847
0.8725
0.9634
3.796
0.9843
3.022
1.493
1.618
2.065
3.382
3.218
1.917
1.432
3.912
2.261
0.6144
3.309
2.176
2.533
2.325
1.65
1.003
2.08
2.733
2.735
1.709
2.295
2.362
3.002
2.202
3.926
1.619
1.931
2.036
2.747
1.223
2.365
0.379
1.68
3.41
1.298
3.733
2.989
0.4916
2.821
2.045
1.21
2.325
1.657
2.249
0.7007
2.241
2.122
1.78
1.707
1.172
0.6611
2.901
1.995
1.964
1.907
0.7223
0.881
0.4421
1.787
3.341
1.199
2.834
2.209
1.778
0.7071
2.293
1.628
1.163
3.779
2.564
3.219
1.709
1.389
2.256
3.027
2.332
2.808
2.19
1.007
3.165
0.4775
2.942
3.147
0.4002
1.151
0.3385
1.647
2.082
1.152
1.309
1.984
2.168
0.4458
0.765
3.367
1.648
2.107
1.965
2.142
2.131
1.528
3.212
3.474
0.7453
2.791
1.841
2.49
1.72
2.502
2.72
3.698
1.637
1.802
2.749
2.068
2.58
1.024
2.011
2.235
3.351
2.143
1.842
1.038
2.819
2.04
1.17
1.355
1.252
1.225
1.696
2.42
1.571
0.6973
1.776
1.073
2.81
3.178
1.815
1.843
1.673
1.095
2.296
1.121
1.602
1.942
1.201
2.204
2.322
3.759
1.677
2.053
2.473
2.05
1.489
0.03157
2.271
2.627
1.208
0.9992
1.601
0.6993
3.093
1.688
2.064
2.415
1.182
2.576
3.707
1.507
1.441
1.56
1.944
2.15
3.742
2.71
-0.1649
2.655
2.341
2.107
0.4203
3.197
3.288
3.458
1.561
1.382
2.91
2.427
1.422
1.781
2.953
1.6
0.7379
1.441
0.4084
2.083
2.192
3.226
0.3251
1.477
2.476
2.005
1.846
2.122
3.421
1.73
1.861
1.125
2.629
1.706
1.056
1.335
2.775
3.123
1.51
0.7129
1.003
0.0702
2.495
1.801
0.7206
2.703
1.095
0.8928
2.931
3.165
0.2276
1.863
1.428
1.971
3.564
2.566
2.502
2.819
1.397
1.89
0.8572
1.911
1.467
3.014
3.311
2.339
2.298
2.483
3.25
2.098
2.158
3.826
-0.5649
3.079
1.862
3.131
3.155
1.724
2.679
2.051
1.906
2.473
0.9336
2.962
2.278
2.824
1.253
2.102
2.139
1.669
0.1075
0.9224
1.369
1.42
3.391
4.374
4.286
3.358
3.542
0.9129
3.031
1.439
1.98
1.536
1.501
3.572
0.9723
1.499
2.937
2.451
2.403
4.439
3.069
3.241
1.454
2.171
0.7949
2.397
2.26
1.762
2.98
1.507
2.306
3.019
1.437
2.655
3.438
1.14
2.33
2.185
1.869
1.664
2.082
3.201
2.934
2.165
3.289
3.269
2.599
2.373
2.96
1.036
1.596
0.6924
2.513
1.447
0.8446
2.474
3.933
0.8408
0.8837
2.481
1.579
2.725
4.29
1.169
2.313
3.315
1.762
2.928
0.8125
2.887
1.681
1.042
1.543
2.22
2.008
3.253
2.122
1.634
3.841
3.106
2.72
1.932
2.556
3.534
-0.5497
1.441
2.315
1.462
3.717
1.699
2.773
2.355
3.927
3.156
1.994
1.993
2.69
1.586
1.552
1.904
1.891
0.9289
2.236
2.165
1.452
3.553
-0.3753
2.073
1.796
1.914
1.797
2.042
1.126
2.846
0.4719
1.557
1.855
3.209
2.741
2.25
0.8806
2.151
2.093
1.875
3.64
-0.5641
2.634
1.463
2.179
1.206
2.43
2.203
1.687
3.187
2.014
2.537
2.338
1.056
1.862
2.568
1.72
1.46
4.07
2.657
2.654
2.335
3.506
1.826
0.9987
0.6605
2.314
3.717
1.998
1.716
2.358
3.239
2.603
1.257
-0.2215
2.041
3.018
4.172
1.819
3.017
1.677
2.923
0.7948
2.128
2.321
0.5726
0.6497
2.313
1.941
2.126
1.012
4.289
3.338
0.5844
3.266
1.902
1.845
0.995
4.21
3.124
1.197
1.691
2.902
2.174
3.31
1.545
3.715
2.782
4.001
1.648
2.862
3.157
1.123
3.811
1.041
0.9153
2.185
3.936
1.682
0.5486
1.994
2.303
3.056
1.995
2.065
2.914
0.7167
0.9908
0.4002
3.506
0.8794
2.781
2.603
1.78
2.733
1.287
1.98
1.583
1.118
0.943
2.889
2.559
1.746
3.086
1.917
1.343
1.265
3.546
1.808
2.885
3.576
2.406
2.494
1.456
2.137
2.412
1.744
1.068
2.162
1.627
-0.0321
1.096
2.196
3.766
2.082
3.598
3.558
2.703
0.9351
1.171
2.571
2.153
2.375
0.759
4.001
1.895
2.471
3.927
0.3978
1.872
1.754
2.251
-0.0603
0.3301
2.605
0.5876
2.118
3.048
2.405
4.827
3.2
2.602
2.203
1.501
2.811
1.714
3.544
1.548
1.708
2.23
3.626
2.128
2.478
2.906
1.95
-0.5144
2.326
0.963
1.946
1.25
1.309
0.7255
1.914
2.103
1.277
0.9406
2.262
0.6084
0.9124
1.629
2.449
2.003
4.591
2.252
0.7242
2.872
2.311
4.357
0.5715
2.49
1.641
1.139
1.155
3.056
1.357
0.8905
3.244
1.522
3.336
2.59
1.984
1.158
2.79
0.9693
1.138
2.979
0.6347
2.747
0.9665
1.993
2.371
1.783
3.156
3.067
2.63
1.848
1.148
1.072
1.415
3.071
3.659
0.6901
0.8749
2.574
1.323
2.072
0.3425
2.982
2.266
2.818
2.795
2.264
2.332
2.871
3.328
2.292
3.528
1.766
1.004
3.031
1.706
1.001
3.047
2.791
1.918
1.331
2.565
2.231
0.509
1.978
2.21
1.545
2.437
2.19
2.083
2.087
3.516
2.435
2.971
-0.002606
1.785
2.648
4.202
4.599
0.9594
-1.214
2.444
1.819
1.679
2.038
2.94
1.344
1.086
1.605
2.121
2.033
1.479
2.712
2.659
1.787
0.7816
3.338
2.971
1.334
1.258
2.768
1.559
1.662
-1.179
1.228
3.471
1.736
0.7036
1.926
1.822
1.822
1.584
0.7226
2.273
0.5512
0.6321
0.3413
0.7438
1.771
3.138
0.2773
2.306
2.656
3.287
4.043
2.2
2.425
1.525
2.036
1.371
1.837
1.599
3.619
0.902
0.5049
1.085
1.503
0.5323
0.9169
1.677
0.3087
2.591
1.181
2.215
0.08751
1.462
1.352
1.519
2.827
0.8839
-0.259
1.481
1.647
1.682
2.849
1.756
3.294
2.38
3.196
2.843
0.5766
1.469
2.659
1.763
2.775
2.194
2.784
1.04
2.479
2.29
0.7625
1.376
1.971
2.108
1.415
1.908
2.27
1.541
2.89
0.03238
2.107
1.852
2.467
2.913
0.8095
2.327
1.438
2.555
2.308
1.057
2.085
2.561
1.403
1.416
3.055
3.493
1.395
2.483
2.615
1.714
1.306
1.206
1.411
1.556
1.133
3.231
2.716
1.673
1.816
2.537
2.659
2.52
1.627
0.2529
3.326
1.39
2.133
2.578
3.472
1.664
1.946
0.7534
1.206
0.4161
3.846
2.551
2.275
2.161
2.191
3.285
3.006
1.007
0.6411
1.774
2.244
1.962
2.897
2.581
1.167
1.414
3.281
1.908
1.922
1.001
3.065
2.337
2.601
1.083
2.083
1.436
2.329
2.846
0.9381
2.093
3.294
3.492
1.396
2.498
1.706
1.263
0.1518
2.279
1.812
2.414
3.457
1.336
2.997
1.807
3.053
2.364
1.679
2.896
-0.4639
4.075
1.168
-0.1514
1.562
3.27
2.246
2.869
1.225
1.59
0.8328
0.8804
1.782
2.18
1.82
0.7092
-0.9198
1.895
2.894
2.31
1.7
2.218
3.999
1.266
0.3837
2.673
0.06923
3.244
2.733
1.042
1.4
2.118
3.378
1.559
1.847
1.283
1.288
1.462
3.773
1.898
1.22
1.17
1.762
1.575
4.556
2.356
1.388
0.9227
1.765
3.661
1.945
2.486
2.064
1.37
3.19
1.928
3.773
2.161
3.691
2.657
-0.813
1.744
1.383
2.346
2.77
1.275
2.844
0.1818
2.157
2.247
2.163
3.074
0.3891
1.398
1.819
2.555
1.133
2.003
3.436
1.055
3.482
2.131
1.916
0.09195
2.3
3.175
1.308
0.3244
1.72
2.07
2.011
3.785
0.4708
1.477
1.158
1.745
0.7361
1.582
0.8852
2.357
3.646
0.3614
2.607
1.77
1.934
1.212
4.294
1.682
1.858
2.389
2.395
3.712
2.431
1.227
3.189
2.822
2.041
1.24
3.803
1.867
3.245
-0.06092
2.13
0.3605
0.7363
3.499
2.247
1.714
2.622
1.611
3.262
-0.9258
2.212
0.6952
2.093
2.915
3.632
1.424
0.3363
0.3696
1.703
2.614
1.997
1.804
3.422
0.4286
1.298
1.291
1.534
2.399
1.33
1.972
3.198
2.56
2.719
1.961
2.283
1.67
2.976
1.825
2.836
2.573
1.65
2.665
1.664
2.782
1.506
1.972
1.216
3.585
1.506
3.314
1.778
2.018
1.511
2.658
2.82
2.733
1.459
3.031
1.987
2.897
3.205
2.743
0.7132
2.234
2.49
3.351
1.51
0.4337
1.896
1.354
2.677
2.16
-0.01702
1.548
2.178
3.088
2.413
1.328
0.6355
2.267
3.316
0.1572
1.139
1.526
0.09946
0.6823
2.357
0.487
1.2
2.842
1.979
0.4605
0.4359
0.8725
1.629
0.9686
2.02
4.05
4.121
3.06
2.373
2.197
1.823
1.387
0.9761
2.246
3.175
1.142
2.348
1.937
2.467
1.577
2.361
1.654
2.312
1.907
3.143
4.138
1.827
2.459
1.09
1.513
2.446
1.068
2.312
-0.109
2.044
2.791
4.529
1.618
2.413
2.627
1.736
1.814
0.7352
1.822
3.779
1.383
2.108
1.977
1.991
2.53
2.462
0.759
1.166
3.502
3.308
0.798
0.06971
1.12
2.801
3.208
2.192
1.277
3.321
1.876
2.734
-1.518
1.074
3.514
2.933
3.948
2.494
1.47
0.7436
2.723
2.428
3.192
2.809
3.841
3.148
2.696
1.398
2.659
1.178
3.822
1.946
1.981
1.752
3.462
3.914
1.841
2.113
2.304
2.242
1.361
4.092
1.827
2.676
1.081
1.106
1.447
1.887
2.658
1.553
1.447
1.167
2.427
0.2074
0.368
2.821
2.776
2.01
2.105
2.477
2.457
1.769
2.51
2.167
0.4304
2.243
1.578
3.148
2.782
3.194
1.149
1.954
2.818
0.6627
0.9604
2.347
1.152
2.201
1.499
1.355
2.618
2.274
1.905
3.014
2.996
3.391
1.504
1.129
3.485
1.033
2.702
2.695
1.956
2.222
3.066
2.154
1.463
1.207
0.9447
2.479
1.847
2.056
1.877
0.8887
2.5
0.3462
1.717
1.501
3.033
3.007
2.244
1.715
0.01362
2.809
2.907
1.901
0.6589
4.062
1.592
1.258
0.7669
4.924
2.278
3.718
2.015
1.484
1.511
0.3042
2.31
1.917
1.794
1.858
2.324
2.926
2.106
2.801
4.309
2.321
2.2
3.351
2.15
2.331
1.153
4.95
1.535
2.072
1.275
1.997
2.698
0.2085
3.041
2.003
3.218
2.301
2.506
3.585
1.378
4.235
1.928
0.8946
0.4542
0.3409
2.038
0.3424
1.801
2.27
2.625
2.895
1.721
1.977
1.187
2.227
1.349
2.462
3.67
2.894
2.007
2.772
3.744
0.3217
2.809
3.199
1.762
1.621
2.58
2.702
2.623
3.302
1.13
-0.6899
1.754
2.131
2.725
2.786
2.446
1.08
1.54
1.714
0.4464
1.225
1.757
1.937
3.235
2.122
3.646
2.123
1.082
1.055
3.26
1.846
2.761
1.933
2.945
3.592
2.691
2.772
1.307
1.905
1.86
3.114
3.617
4.159
1.032
1.13
-0.1552
2.884
4.248
1.432
1.569
3.933
2.17
0.1217
2.5
-0.1909
1.104
2.466
0.9494
1.8
2.455
2.862
1.419
2.173
0.7308
1.301
1.443
1.649
2.816
3.022
1.978
2.636
1.978
4.285
3.39
3.315
2.812
2.019
0.7632
0.9877
1.607
0.8442
1.815
0.7842
2.659
2.845
3.093
3.592
2.368
1.357
1.298
1.542
1.975
3.13
1.965
1.555
1.842
2.473
2.251
0.6688
1.111
2.288
0.5535
2.648
1.366
1.121
0.4275
1.758
0.4421
1.547
2.119
1.534
1.529
1.379
2.65
2.94
3.529
2.707
2.271
1.265
2.749
2.627
3.313
1.012
4.253
2.939
1.106
1.944
2.67
2.744
3.466
1.399
1.59
2.018
1.626
1.874
3.624
2.775
3.451
2.964
3.577
2.421
1.795
3.689
2.397
3.43
3.055
1.157
2.05
0.692
3.91
2.27
-0.5712
3.448
1.061
2.042
1.752
1.015
4.418
1.523
2.503
2.629
3.624
1.701
2.169
2.246
1.39
1.074
1.429
1.726
0.9843
1.036
3.018
1.523
-0.1915
2.77
1.186
2.165
2.081
0.4984
1.379
1.955
-0.8167
4.036
1.941
2.318
2.174
3.122
2.466
2.386
1.988
1.987
1.191
1.925
0.1835
2.203
1.564
2.247
3.258
3.066
1.583
2.21
2.441
1.697
3.338
0.7331
0.7608
4.798
2.769
1.41
3.362
2.173
2.092
1.709
1.618
0.08519
2.604
3.605
0.8626
0.4166
1.344
0.7386
1.514
2.906
3.02
2.889
2.003
0.1071
2.278
2.402
2.285
2.034
2.161
3.814
1.926
-1.042
0.6184
2.062
1.152
1.774
1.856
-0.948
2.53
0.9184
1.882
3.087
1.138
2.416
3.489
2.586
2.694
2.34
3.802
1.858
2.096
0.7231
2.893
2.629
2.323
1.62
1.184
2.838
1.795
2.606
3.238
1.978
2.904
0.7095
2.321
2.562
1.952
2.113
2.063
1.599
1.755
0.8246
0.1817
0.7599
1.739
2.885
0.6861
1.546
1.638
3.647
2.433
3.169
1.881
2.197
1.039
2.651
1.774
2.669
0.8266
2.234
2.506
2.007
0.6175
2.926
0.8799
0.7284
2.042
3.176
3.87
2.727
2.354
2.192
2.895
2.938
4.708
2.182
3.395
0.8768
3.792
3.791
0.1106
2.396
-1.005
2.348
3.419
3.737
2.643
2.871
1.361
2.796
2.2
3.558
1.292
1.347
0.8756
2.918
2.787
2.05
0.7006
2.194
1.49
2.265
2.194
2.075
2.218
1.864
0.3188
0.3284
1.561
1.784
2.881
1.39
2.546
1.335
2.611
1.421
0.4428
2.428
0.1278
-0.6833
2.302
3.073
2.969
2.044
2.261
2.681
2.341
2.246
2.54
1.739
1.532
4.137
0.8302
1.501
0.4719
0.9291
2.173
2.189
1.443
1.689
2.228
1.911
3.343
2.363
3.37
0.2672
2.058
2.521
2.54
3.26
1.499
3.53
1.778
2.217
1.048
0.9344
-0.2747
2.878
1.808
1.104
1.225
2.801
4.608
3.369
2.296
2.031
2.04
0.6488
2.9
2.751
1.62
0.1499
0.8618
3.529
2.089
1.605
1.728
2.081
1.423
3.85
1.163
0.6344
1.478
0.8236
2.081
4.177
2.717
2.574
2.184
3.696
1.292
-0.1035
2.666
2.425
1.892
2.741
1.663
1.994
3.086
1.953
0.505
1.885
-0.7268
2.42
1.695
1.811
3.95
3.375
2.005
1.671
3.373
1.198
1.158
1.598
2.458
2.078
3.675
3.501
2.443
1.995
1.986
2.469
1.763
1.487
2.813
2.865
2.454
2.169
4.369
1.547
2.51
1.813
4.472
1.115
2.237
-0.6302
1.356
3.321
1.548
0.7337
1.822
1.41
2.534
1.221
2.446
1.518
0.6096
3.198
0.7524
0.4685
1.762
2.647
2.213
4.006
1.466
2.824
2.077
2.937
1.681
1.089
1.538
2.136
2.975
0.9416
0.4582
2.113
2.161
2.676
1.517
1.869
1.7
4.228
1.54
2.51
2.54
2.094
2.129
1.729
2.765
1.691
0.4596
0.7363
2.313
1.454
1.55
-0.4153
1.547
1.812
1.486
3.158
1.239
1.055
0.02093
1.409
1.931
0.7042
4.084
0.3477
3.472
2.38
2.499
3.883
2.028
3.744
3.976
1.692
0.8052
2.103
4.048
2.238
2.344
1.214
3.862
2.359
2.763
4.391
2.901
2.759
1.01
1.113
1.251
2.834
0.5698
-2.136
1.58
1.803
0.3785
0.9646
3.288
1.009
2.966
2.533
1.936
-0.08593
2.181
1.14
1.601
2.32
0.7445
1.895
0.05489
2.981
2.842
2.763
1.956
1.621
0.6408
3.314
1.894
1.995
3.094
1.071
0.423
2.879
3.039
0.5656
2.669
0.1301
1.457
1.953
5.882
0.9925
0.9664
-0.1071
0.7362
1.894
3.069
3.53
1.943
1.4
1.549
0.9823
1.64
2.666
2.445
2.327
2.679
0.7896
3.013
2.587
2.301
3.084
1.501
1.03
3.136
3.141
1.175
2.59
-0.3746
3.096
-0.2422
3.364
2.589
3.726
1.934
1.044
1.983
2.564
2.927
1.144
1.951
0.8241
2.822
1.803
3.393
2.01
0.6034
1.19
3.369
0.6764
2.584
2.884
1.833
3.385
2.487
3.649
2.563
1.369
2.62
1.478
1.936
-0.3603
3.683
1.855
2.89
2.854
3.676
3.239
2.228
0.1148
2.58
2.029
2.024
3.526
2.356
2.195
1.761
0.9883
1.467
0.5105
1.26
2.159
2.26
0.6515
0.1086
2.243
2.85
2.103
2.471
3.328
2.96
1.299
2.818
1.085
2.898
1.814
2.327
1.528
0.4164
1.198
2.664
3.575
1.288
2.507
2.242
2.283
1.219
2.325
3.316
2.172
1.708
-0.08797
2.103
0.1543
2.371
1.851
1.982
4.13
3.265
2.434
2.911
1.459
1.764
4.013
2.322
1.873
2.028
2.754
2.407
2.667
4.633
4.102
2.2
2.022
2.177
3.55
1.594
2.922
1.434
0.8462
1.8
2.321
2.639
1.699
2.393
1.91
1.537
2.756
2.095
2.627
1.899
1.609
2.728
1.242
1.714
2.81
-0.05415
2.027
3.553
2.286
1.767
1.533
1.522
1.631
3.321
3.258
2.078
3.243
3.349
0.2972
1.362
1.587
2.672
1.086
2.61
1.316
3.334
1.714
1.792
1.856
1.049
0.9848
2.771
1.545
0.5882
2.308
2.748
3.612
1.897
0.7962
2.921
2.558
2.232
1.885
2.291
1.469
0.8417
1.748
1.957
0.9542
1.14
0.0804
2.631
0.1724
1.161
2.778
2.15
2.16
2.92
1.796
2.859
2.117
1.947
2.09
1.803
0.616
2.531
1.606
3.623
2.635
1.666
2.672
1.603
3.233
2.144
0.8469
2.078
1.569
2.009
2.582
1.864
2.145
1.325
1.574
1.279
2.485
1.819
3.189
1.223
0.6509
3.408
-0.6369
2.121
0.4837
2.787
1.936
1.995
2.481
0.9761
1.782
2.225
3.083
1.678
2.206
2.047
2.664
0.255
1.539
0.5098
1.049
1.68
1.576
2.101
1.257
2.168
2.378
2.074
2.907
1.684
0.2949
2.801
1.932
2.107
3.487
2.534
2.373
1.536
3.207
2.017
1.203
3.187
2.116
1.788
0.8554
4.056
3.214
3.676
0.54
2.749
2.238
3.195
0.5665
3.801
2.42
1.464
1.194
-0.8112
1.349
2.244
2.994
1.68
1.52
1.825
1.021
0.1073
1.064
0.5296
0.7161
2.319
2.869
3.115
0.8645
1.474
2.117
3.068
1.828
1.692
1.645
2.558
1.794
2.921
2.923
1.312
1.942
2.668
1.098
3.257
3.055
2.142
2.451
2.151
0.6571
1.265
1.843
-0.8165
2.082
1.985
2.79
2.792
2.572
2.589
1.382
1.353
2.757
1.631
2.637
0.9462
1.446
1.548
2.513
0.4894
3.24
0.787
2.776
2.782
1.013
2.493
0.9527
1.086
3.198
0.3177
2.839
0.5443
2.867
0.3359
1.21
2.345
2.263
1.72
2.536
2.351
1.406
2.206
1.288
1.368
0.866
1.394
2.377
2.191
3.163
1.83
4.304
3.41
2.859
0.5599
4.586
2.207
0.8616
4.497
3.572
1.758
0.8138
3.602
2.362
2.046
2.184
1.958
2.873
0.9719
-0.678
2.081
2.568
0.973
2.216
2.09
1.925
1.145
0.8612
0.8598
2.958
2.844
1.117
3.302
2.191
2.982
1.495
3.35
1.406
2.382
1.334
2.583
1.827
2.607
2.757
2.19
2.298
1.181
1.602
0.5852
0.8108
2.52
2.955
4.19
1.04
2.262
3.9
1.299
3.119
1.828
3.132
0.8389
2.264
3.451
0.6946
3.081
1.041
1.632
1.735
4.243
1.563
2.666
2.402
2.268
3.442
1.719
1.183
2.538
2.082
3.466
2.019
2.27
2.323
0.6131
2.909
2.851
1.073
2.24
-0.3205
3.558
1.894
2.336
0.9218
2.119
1.103
1.52
2.115
3.477
1.433
1.985
0.724
1.058
1.296
1.509
3.376
0.4739
2.277
2.697
3.221
2.333
5.188
1.606
0.8825
0.3567
1.152
1.865
0.5571
2.612
1.722
2.788
1.58
2.43
1.46
2.453
0.2125
2.064
1.32
2.152
1.786
2.473
2.729
0.9094
2.963
0.6853
2.271
1.128
1.008
1.823
-0.745
2.324
2.212
2.685
2.155
1.665
1.827
4.147
3.393
1.934
2.307
3.527
0.1815
2.161
2.576
2.207
1.552
1.148
2.577
1.667
2.638
2.126
2.333
1.492
1.971
2.751
3.494
2.031
3.111
2.231
2.543
0.4994
1.579
2.958
0.753
2.272
1.661
2.609
1.089
0.7995
1.776
2.792
0.3024
1.025
4.166
2.45
0.7383
2.359
1.487
3.476
3.435
2.054
0.5273
1.075
0.9298
2.213
1.421
1.656
2.151
3.548
0.01394
0.1578
2.121
0.7771
0.5697
2.624
2.716
2.217
1.661
2.044
0.5205
2.462
3.133
2.361
1.47
2.142
2.939
1.262
2.449
2.212
3.483
2.687
0.6813
1.813
2.628
2.433
1.062
3.047
2.672
0.5156
0.8526
2.474
1.62
2.095
0.5815
-0.1208
2.902
0.5566
2.502
1.351
2.196
1.888
1.436
2.635
1.585
2.025
0.5713
1.999
1.135
2.923
1.822
0.8848
2.346
2.838
2.042
1.388
1.269
2.891
2.748
1.236
1.735
1.93
3.495
3.364
3.01
1.311
2.679
1.277
2.391
2.022
2.888
-0.5171
3.806
0.5723
1.408
0.745
0.9128
2
2.703
1.678
2.056
0.5921
2.087
3.037
2.029
1.604
3.002
2.241
3.228
0.9271
2.074
2.37
2.071
1.667
1.305
2.926
0.5226
1.839
2.629
1.188
2.01
1.025
1.169
2.673
1.193
1.032
2.706
2.138
1.71
4.131
1.829
1.599
1.611
-0.2155
2.199
1.646
3.724
1.997
2.856
-0.6173
3.629
1.369
3.187
1.57
3.361
2.661
3.018
0.5843
1.418
3.646
0.7924
1.852
2.43
1.283
2.161
2.155
1.447
3.359
0.8928
4.261
-0.4997
3.634
2.355
1.84
2.058
2.022
1.513
2.408
0.1927
-0.724
3.017
2.014
-0.2215
0.4693
1.534
2.476
1.736
3.743
0.6787
1.309
1.663
0.817
1.922
1.656
3.904
1.841
3.268
2.21
1.656
0.913
2.834
1.159
3.127
3.329
0.9087
3.925
2.641
2.473
2.958
4.945
1.057
2.888
0.9386
1.724
2.392
2.356
0.444
2.291
3.385
1.264
0.805
1.399
1.915
1.982
1.496
2.456
3.12
2.232
1.487
2.383
2.857
1.577
1.795
0.7716
2.195
2.318
1.011
2.137
0.9429
3.622
1.563
2.389
1.261
1.247
0.1569
1.633
1.537
1.558
2.069
0.8326
2.62
1.913
1.715
2.235
0.9259
0.2087
1.643
1.521
2.262
1.871
1.192
2.105
1.167
2.807
2.742
0.9335
1.206
5.106
1.57
2.11
3.091
2.87
1.934
2.131
2.445
3.052
4.094
0.9861
2.714
2.494
2.008
-0.1048
1.877
2.45
0.4061
3.241
1.934
3.094
1.787
1.824
1.234
2.029
2.123
3.332
0.9314
2.505
2.488
1.288
2.653
1.451
1.941
0.5097
2.784
1.637
3.622
0.2839
1.132
1.165
1.706
0.9965
0.6048
0.6292
1.99
1.546
2.362
2.324
3.178
3.426
3.137
3.108
2.437
1.591
1.021
0.7646
3.541
1.858
1.653
2.449
1.342
0.588
3.023
2.475
1.217
2.152
2.446
0.2537
3.132
2.034
1.158
2.264
2.873
-0.2776
2.131
1.586
2.842
0.2177
2.145
2.18
1.3
2.242
2.504
2.673
0.6304
1.481
1.424
2.106
3.273
2.394
1.204
2.744
2.75
1.404
3.311
1.831
2.526
3.564
-0.977
0.8948
1.851
1.947
1.948
3.539
1.356
3.434
2.916
2.454
2.362
1.683
0.7387
1.2
2.842
3.677
2.188
1.745
2.532
-1.434
1.781
1.36
0.7925
2.166
2.326
1.642
2.688
2.64
2.067
0.5662
3.27
2.306
0.5958
3.632
1.805
2.465
1.882
3.641
1.923
2.258
2.632
2.709
1.826
2.832
1.11
-0.02639
2.587
1.197
2.287
-0.04135
0.6269
1.209
1.01
-0.1326
3.506
1.732
0.822
1.932
0.2113
1.481
3.237
0.4015
2.596
2.491
0.78
0.696
2.708
4.19
1.979
2.455
2.687
1.943
1.452
3.32
2.644
0.3938
2.582
2.314
3.646
1.046
1.53
2.555
1.575
1.614
1.668
2.772
2.719
1.305
2.596
2.752
2.558
0.5461
1.831
3.946
2.465
1.182
2.782
2.841
1.555
2.254
1.743
1.685
1.938
3.237
3.256
1.375
0.8981
1.164
2.436
2.039
-0.1836
2.919
2.247
2.389
0.5791
0.5314
0.7376
2.258
0.801
1.458
3.082
1.51
2.948
2.116
4.298
0.9968
-0.2944
1.381
0.763
2.194
1.731
2.83
0.6018
1.808
0.6488
0.6953
2.779
4.206
2.769
2.747
3.847
1.645
1.589
2.114
2.024
2.434
3.133
2.295
0.4867
4.223
1.76
2.895
1.622
1.498
0.8652
2.881
1.882
2.038
2.691
1.69
2.782
0.3979
3.535
2.487
2.625
4.061
3.863
0.8409
1.201
0.2506
1.301
2.004
4.055
1.539
0.7822
1.622
1.84
2.457
2.257
0.5765
3.386
2.549
1.598
0.7466
2.559
0.7112
2.728
2.24
2.292
0.9971
4.192
2.591
1.553
2.623
2.161
0.7808
0.7532
2.213
1.06
2.894
2.291
1.996
2.224
2.768
0.2508
0.6042
4.026
1.287
0.9954
3.075
1.795
2.405
1.203
3.061
3.412
2.818
0.67
0.1982
0.9383
3.028
2.158
1.034
1.772
2.139
0.9618
1.869
1.704
2.631
2.511
0.519
2.459
1.507
0.3714
1.979
2.155
0.7684
1.178
2.226
2.2
3.002
1.914
1.993
1.866
-0.4827
1.277
0.9546
2.116
3.614
2.788
3.207
2.995
0.7766
2.695
1.564
1.346
2.242
1.823
2.654
1.09
3.385
1.346
0.414
1.1
0.5129
1.053
2.25
2.633
0.587
2.752
1.638
1.885
2.677
2.235
2.099
2.916
2.202
0.8044
1.261
1.185
1.513
1.087
3.641
2.904
1.524
2.178
2.27
3.136
1.562
2.198
3.723
1.734
1.914
2.759
2.482
1.449
4.159
2.633
1.309
2.322
1.036
2.347
4.569
3.025
1.778
3.502
0.5912
0.584
3.667
1.743
2.057
1.749
1.416
0.6019
1.404
3.272
0.8327
1.758
-0.1902
0.8026
2.034
1.421
2.242
1.51
1.808
1.851
2.336
2.145
0.9553
2.611
1.439
2.715
2.569
3.81
2.351
1.173
2.295
3.996
1.016
2.826
2.45
1.528
2.552
2.898
2.541
2.166
1.591
2.144
3.914
4.207
1.189
4.192
1.398
1.999
1.892
1.959
2.364
3.908
3.832
1.462
1.858
1.04
2.868
1.354
1.336
1.629
1.031
1.338
-0.623
2.076
1.349
1.727
3.031
4.684
2
0.7606
1.581
2.729
3.082
1.541
1.348
-1.061
0.6675
2.921
3.255
-0.04862
0.5818
2.691
2.635
2.918
2.698
3.131
1.702
3.046
1.13
3.268
2.288
2.745
2.663
2.436
2.597
1.783
2.847
2.59
0.6312
2.723
-0.4185
2.448
0.106
0.9235
2.811
3.321
3.715
3.087
2.742
2.411
2.973
1.65
2.224
0.9264
-0.009632
2.102
1.919
1.363
5.522
2.996
1.098
1.991
-0.0134
2.708
2.4
2.14
1.454
2.302
1.038
2.483
2.815
2.311
1.958
2.505
3.361
2.273
1.66
1.6
0.638
2.068
2.51
1.681
1.298
3.896
1.347
2.762
4.359
1.93
1.1
2.679
2.149
2.313
2.092
2.177
0.4162
1.331
3.252
2.558
3.069
4.18
1.767
2.756
2.088
0.6446
1.331
1.407
1.364
3.333
3.461
2.113
0.7911
1.29
1.325
1.011
3.426
2.633
0.3421
2.279
0.09688
3.194
2.501
3.41
2.713
2.478
2.322
3.378
1.657
0.7107
1.027
3.303
1.541
1.453
2.652
2.875
2.097
1.937
1.693
3.912
1.832
2.946
2.158
2.846
2.335
0.6564
2.481
2.105
1.669
1.014
1.391
3.157
1.786
3.064
1.119
0.5572
1.344
1.248
3.162
2.016
2.109
2.686
1.444
2.17
0.7309
1.441
2.851
3.547
2.81
1.716
3.258
1.636
3.379
4.84
0.2617
2.433
1.762
3.578
3.316
1.904
1.735
0.9919
1.18
0.2699
2.698
2.391
1.752
0.1393
1.354
1.754
0.5105
2.545
3.316
1.475
2.708
1.08
1.338
2.942
3.195
2.362
1.815
1.837
2.02
3.134
1.183
3.337
3.067
3.778
1.975
1.686
3.278
2.458
2.164
3.838
1.759
0.9946
0.7153
2.34
2.992
1.949
1.638
1.95
1.91
0.8655
2.038
2.281
1.768
1.165
1.414
3.073
-0.2408
2.49
2.909
3.208
3.056
0.9987
0.8241
2.106
1.565
1.598
3.7
2.298
1.096
2.327
1.476
3.676
3.65
3.388
1.503
1.723
2.033
1.331
-0.105
0.9262
3.02
2.477
2.247
3.189
2.624
3.116
-0.09774
0.5435
1.3
2.724
2.031
1.908
1.329
0.9202
1.82
3.135
1.879
2.494
2.517
2.896
2.28
3.665
1.917
0.5032
1.479
2.154
0.6987
0.8567
1.726
2.175
1.276
1.77
2.627
0.07083
-0.03786
2.581
1.499
1.449
2.694
-0.3079
0.5135
1.734
0.8368
2.837
2.743
0.5481
1.872
0.7147
0.5496
1.684
1.124
0.4249
3.467
3.368
-0.2704
0.769
2.785
0.6668
0.9825
1.666
1.654
2.719
2.312
4.708
0.9337
0.9969
2.053
2.719
1.311
1.926
1.696
2.422
3.483
1.382
2.856
2.981
0.8599
2.635
2.586
2.037
2.104
1.278
2.982
1.81
0.5535
0.5395
0.9571
0.7049
2.348
2.706
1.983
1.968
1.226
3.195
2.041
2.261
0.7632
0.7135
1.735
2.405
0.9717
1.528
3.267
2.886
2.55
3.33
3.039
2.748
2.504
0.9173
2.518
2.015
3.904
2.833
2.174
2.705
2.74
2.207
1.561
2.186
1.408
1.48
1.754
2.323
1.682
2.878
2.439
2.389
2.17
2.329
2.067
3.341
2.561
2.019
1.21
2.929
1.883
1.654
-0.3504
2.114
2.256
1.606
3.081
1.781
2.349
2.121
1.326
2.699
2.619
2.256
2.499
1.941
2.501
0.4859
1.365
1.279
2.796
1.835
1.996
2.592
0.8359
1.721
2.749
2.123
-0.3546
2.443
0.4106
2.764
3.919
1.261
1.801
2.638
1.797
3.06
2.791
1.59
2.444
2.284
-0.3673
3.297
3.069
2.202
3.96
1.195
0.1843
2.857
1.747
0.3388
1.779
2.718
3.062
1.217
3.884
2.606
1.709
3.879
2.3
0.471
2.035
0.07659
3.78
2.801
3.073
4.059
4.348
1.912
1.698
2.845
-0.2666
2.042
2.205
1.622
1.939
1.703
1.503
2.717
2.529
0.4932
3.733
1.893
1.164
1.664
1.682
2.939
2.648
2.087
1.31
1.866
2.037
2.159
0.02292
2.997
2.152
3.044
1.274
0.2095
