30
37.517684	11.452004	0.34624802
28.032412	20.977308	0.24580966
24.359246	22.692252	6.943608
28.627236	1.1039624	6.7422061
9.1109162	11.036373	0.27725978
21.189501	21.812532	0.33482208
25.56022	22.606394	6.7835818
29.576266	1.4937135	6.665105
30.982921	11.93942	6.7120162
28.310703	1.1012784	6.7168952
28.487532	21.040593	0.23138449
27.184669	11.37242	0.26203053
29.181474	20.654502	0.26667756
28.81619	21.102355	0.47951539
29.433605	1.426232	0.33312114
30.543217	1.8652512	6.5596391
29.007906	10.240589	0.17277442
28.290268	10.508484	6.6767764
27.907056	10.603664	0.27156686
28.938643	22.272069	0.37403469
17.06241	30.639462	0.20798
29.897367	22.828482	0.54520898
29.355418	11.405125	0.42464088
28.44472	10.54426	0.32767514
28.830068	0.78878013	6.5718164
29.321638	1.6465271	6.5013114
19.786251	12.965417	0.39067329
29.96925	1.3078004	6.7743854
24.724532	22.163178	6.8056753
28.311193	10.445592	0.32213306
29.511558	1.6656534	6.6940405
28.711231	20.733735	6.662171
30.01388	2.1205693	6.4789993
29.165636	10.172437	0.25441962
28.47576	0.29383376	6.5740577
29.663733	2.6661863	6.7209157
18.028065	19.806128	0.53614878
29.585719	2.1083076	6.5894007
29.349685	10.726778	0.3628245
28.229277	10.449232	0.45141004
18.698044	15.44991	0.6797649
19.71178	21.441797	0.3926044
28.942954	21.695407	0.37079968
28.018578	11.199954	0.2558006
8.532139	20.94706	0.37839112
30.020818	22.695719	0.39022651
27.858322	2.0276862	6.5316852
28.957032	0.6328974	6.764676
27.818721	10.240513	6.6905333
28.507741	9.7619108	0.53750915
28.594093	10.467871	0.61322919
19.154732	20.063085	0.28297759
29.953818	21.556173	0.33321277
28.049195	20.213903	0.22187643
37.170652	11.490152	6.6003326
20.097832	13.048614	0.48358232
16.905964	20.7085	0.44817273
18.876911	20.28005	0.36421991
27.804748	11.348561	6.7252447
28.851973	11.842062	0.39499917
18.747103	20.188601	0.49275763
27.558836	10.720141	0.1823198
35.568578	14.84932	6.1640944
29.424284	2.2148337	6.6139567
29.356148	22.49198	0.40399733
28.102767	0.86398179	6.7171611
27.388225	20.845952	6.567107
16.652592	20.885431	6.5391329
26.463302	11.627967	0.35351422
19.634323	20.62951	0.22824319
20.528043	20.373392	0.35765204
28.691278	11.371035	0.50766206
15.013981	33.25436	0.67060276
15.043583	22.662661	0.50037633
29.687793	12.610154	0.55239444
14.822743	32.844833	0.50668129
18.960621	10.637805	6.560842
29.020923	15.871828	0.83972896
29.221162	21.017732	6.8176188
19.912778	20.423018	6.5838066
28.144094	10.15694	6.5587097
29.417994	10.627148	0.33676508
8.4033217	15.156554	0.71035337
29.948544	22.526789	6.5271943
20.94991	21.497373	0.22821432
19.674089	20.484702	0.37313787
29.275287	25.430685	0.88833997
28.690615	10.879665	6.6199544
18.471575	21.227992	0.45523563
28.526405	0.73154362	0.21894198
17.668047	20.09924	0.3141778
19.308226	20.975439	0.19385192
18.561732	19.558492	0.32238059
27.862976	10.886315	6.6813482
21.698249	21.397186	0.2431559
19.648925	22.218228	0.30525436
8.6015485	15.365802	0.57776511
27.530313	1.4812492	6.657981
20.629702	20.253356	0.242509
19.003215	20.356127	0.23876272
31
38.453444	11.800151	0.38901763
28.976589	21.299904	0.20079235
25.132243	23.324669	6.9051057
29.578611	1.4053065	6.6109688
10.064222	11.332448	0.36683948
22.136832	22.129844	0.34874377
26.377642	23.179922	6.8899509
30.508032	1.8539895	6.6809006
31.868637	12.395397	6.5723775
29.218848	1.5148073	6.6642559
29.447139	21.316587	0.17348651
28.119917	11.724884	0.36623158
30.152799	20.875599	0.19769034
29.710306	21.547217	0.43412272
30.398278	1.6875138	0.30521188
31.45155	2.2806513	6.7243524
29.979294	10.474171	0.30041023
29.224296	10.851554	6.5174633
28.885361	10.803144	0.18024904
29.838596	22.706611	0.3505647
18.050517	30.785645	0.18434753
30.815526	23.22097	0.41103418
30.277061	11.785852	0.48997815
29.35792	10.939429	0.38951691
29.783879	1.0831586	6.6301296
30.262639	1.9781873	6.7615259
20.721484	13.317911	0.29006286
30.887608	1.7007733	6.6036866
25.544464	22.73322	6.9688587
29.264031	10.746442	0.36924089
30.359695	2.1913135	6.7751796
29.637608	21.103383	6.7256442
30.9912	2.323838	6.5266416
30.120681	10.465845	0.28752634
29.411924	0.63722788	6.7084474
30.588092	3.0417678	6.6344681
18.963054	20.154552	0.19398462
30.522655	2.455148	6.6481935
30.253723	11.150057	0.50042513
29.129542	10.881935	0.32354286
19.34046	16.209975	0.9489048
20.65219	21.776868	0.39111377
29.868363	22.069267	0.34068729
28.95823	11.538695	0.44749025
9.4207823	21.40332	0.37083654
30.965129	23.021777	0.39796617
28.77422	2.4187732	6.7427563
29.855018	1.0658951	6.7215159
28.747569	10.60728	6.537061
29.467308	10.029396	0.30036057
29.477444	10.923846	0.37055097
20.095819	20.399776	0.36179902
30.89314	21.894234	0.47801222
28.974959	20.579509	0.44071187
38.060389	11.938008	6.8822716
21.037734	13.379738	0.26060716
17.78801	21.169616	0.3628378
19.848486	20.511589	0.21999537
28.691404	11.807773	6.6403632
29.740181	12.29598	0.48900617
19.70043	20.463614	0.28546438
28.537193	10.923899	0.20506264
36.552316	14.683115	6.0945685
30.370457	2.5336014	6.5986375
30.314861	22.767176	0.30971006
29.0677	1.1090683	6.4493811
28.326696	21.189425	6.7018189
17.577677	21.262137	6.7385673
27.384662	12.011645	0.30127999
20.597316	20.896507	0.2918132
21.464807	20.719813	0.25171935
29.586682	11.812418	0.33073328
15.840659	33.814272	0.64611888
15.868561	23.22433	0.72690304
30.538678	13.13373	0.60637484
15.665909	33.381046	0.5872883
19.921402	10.912068	6.4405936
29.704425	16.580071	0.51279808
30.135637	21.419108	6.6924895
20.861164	20.736974	6.5710016
29.082224	10.495055	6.5892172
30.353301	10.973885	0.16923518
9.2215084	15.726897	0.4831824
30.912337	22.786494	6.5766953
21.912404	21.758861	0.14156947
20.580074	20.904829	0.51381102
30.000866	26.116481	0.68516432
29.633608	11.20336	6.7065143
19.38567	21.630612	0.37504595
29.487494	1.0043283	0.35695495
18.615792	20.412479	0.33377206
20.276705	21.216002	0.38835305
19.512048	19.865522	0.21685464
28.801292	11.215158	6.4926046
22.673569	21.605759	0.26623138
20.587936	22.558849	0.30449319
9.3198664	16.05876	0.75022966
28.453023	1.864861	6.6588713
21.581289	20.557156	0.17903583
19.975905	20.582717	0.25476689
32
39.383406	12.164283	0.32680181
29.935757	21.559256	0.49900367
25.943665	23.906089	6.8351253
30.510251	1.7640245	6.6592074
10.989983	11.7075	0.37583169
23.077525	22.466284	0.34848041
27.171172	23.787058	6.8715772
31.435717	2.2243043	6.5781913
32.808296	12.729601	6.7595005
30.163564	1.8384672	6.6462682
30.42191	21.535774	0.17985533
29.0063	12.184574	0.58871033
31.119938	21.122197	0.33105266
30.632558	21.931258	0.35208322
31.330022	2.0409961	0.37451771
32.388136	2.6256079	6.6710281
30.921446	10.796792	0.46569754
30.18421	11.129549	6.5166832
29.855196	11.036715	0.32393981
30.759749	23.092393	0.35873983
19.003926	31.079982	0.22839161
31.728678	23.623607	0.31845109
31.200627	12.161055	0.38647388
30.306992	11.243889	0.27628373
30.744499	1.3474168	6.6063217
31.177446	2.3801482	6.6362825
21.668188	13.638126	0.36368073
31.806035	2.0932198	6.6958634
26.34387	23.332802	6.9251174
30.222138	11.021773	0.15266583
31.262961	2.6182472	6.6624647
30.573833	21.451674	6.5574295
31.894356	2.7408363	6.8419314
31.067109	10.783252	0.28822916
30.360088	0.94971639	6.5774979
31.52826	3.3774685	6.6756723
19.906673	20.475828	0.4098986
31.407166	2.9191604	6.7489723
31.181169	11.516179	0.31453358
30.05685	11.253945	0.28381017
20.060155	16.899342	0.79755136
21.589378	22.123124	0.2463726
30.790133	22.452622	0.40580812
29.889087	11.900687	0.39212325
10.387041	21.654037	0.17857233
31.902459	23.36601	0.29625158
29.655429	2.8881816	6.6891103
30.770973	1.4639516	6.6758977
29.687679	10.943389	6.7123617
30.408104	10.345967	0.55745369
30.413042	11.274526	0.38473295
21.016449	20.787049	0.3875278
31.79784	22.317732	0.41224004
29.926217	20.882079	0.2993763
38.900195	12.47444	6.8005638
21.975389	13.721359	0.46264091
18.711805	21.548047	0.30631587
20.800984	20.81309	0.25147557
29.575302	12.266871	6.8845829
30.616591	12.767358	0.42459515
20.638575	20.807	0.39511345
29.507697	11.160903	0.31287252
37.533454	14.664321	6.5627585
31.321258	2.8416912	6.5674298
31.258084	23.095147	0.42297729
30.025245	1.3899535	6.6252151
29.284134	21.473297	6.6370556
18.491213	21.663738	6.5858689
28.255199	12.489373	0.54361748
21.548213	21.205021	0.27765943
22.406824	21.053731	0.33092585
30.513182	12.186747	0.43843488
16.633222	34.419956	0.62907111
16.605958	23.898228	0.71055487
31.446976	13.542552	0.41057834
16.513418	33.903464	0.53670296
20.884406	11.148628	6.7172724
30.438387	17.250407	0.82264446
31.028329	21.866389	6.7146441
21.795324	21.090425	6.488657
29.990777	10.896626	6.8370032
31.327282	11.193033	0.35246025
10.030358	16.306568	0.76303671
31.849632	23.131055	6.7309382
22.865726	22.042658	0.39290761
21.480164	21.336379	0.35703348
30.736271	26.792621	0.71666727
30.549839	11.602546	6.6570464
20.327129	21.960926	0.30517282
30.443019	1.2822823	0.24398779
19.543431	20.78462	0.42441412
21.194457	21.607759	0.54002283
20.409269	20.288712	0.54642382
29.752378	11.516981	6.5526233
23.603714	21.96659	0.37213522
21.49086	22.985471	0.4572683
10.013959	16.773967	0.74180804
29.364003	2.2712235	6.7770581
22.544657	20.810674	0.33033526
20.924001	20.894402	0.47293652
33
40.329783	12.486302	0.31460638
30.852197	21.952032	0.52257125
26.732569	24.517818	6.9971917
31.457837	2.0791763	6.6243688
11.880872	12.159646	0.44032364
23.959299	22.932101	0.36248898
27.944142	24.419318	6.9036438
32.32741	2.6690995	6.7387954
33.70231	13.175354	6.7823327
31.077966	2.2414976	6.7266258
31.377472	21.8265	0.30861977
29.874473	12.678546	0.4890415
32.099292	21.285783	0.063155972
31.572026	22.26983	0.28596953
32.237554	2.4538036	0.26552339
33.295316	3.044896	6.6926494
31.786843	11.295837	0.5090384
31.153034	11.371941	6.547423
30.803604	11.350791	0.38247397
31.687538	23.460362	0.43135509
19.970578	31.330162	0.18657712
32.674288	23.940312	0.44970782
32.146883	12.476484	0.36049818
31.238101	11.605874	0.40560651
31.668644	1.720622	6.5379847
32.052757	2.8592987	6.8086792
22.593025	14.016928	0.35397239
32.717048	2.5030665	6.6988863
27.113166	23.97047	7.0025634
31.196237	11.242864	0.27160813
32.202178	2.957942	6.6654507
31.528282	21.747786	6.5153791
32.819398	3.099668	6.5408083
32.007969	11.107884	0.47846085
31.310241	1.2583486	6.5556032
32.474712	3.6881392	6.507802
20.867004	20.751838	0.30409436
32.343285	3.2630453	6.549896
32.086587	11.937168	0.41016952
30.995789	11.591207	0.34557757
20.764558	17.607937	0.6739804
22.540804	22.420653	0.26788513
31.708668	22.845992	0.34601371
30.828096	12.234439	0.27120469
11.348348	21.919452	0.45547285
32.873414	23.603085	0.23433781
30.565344	3.2991411	6.7305326
31.728593	1.7438306	6.5948066
30.597214	11.355846	6.6498297
31.34241	10.689894	0.39522534
31.31758	11.69296	0.40162727
21.955609	21.127523	0.30230187
32.696922	22.750399	0.5125108
30.904636	21.078654	0.15908426
39.765021	12.973423	6.9109999
22.862057	14.180064	0.51176077
19.659968	21.859091	0.17738729
21.757229	21.103165	0.2691352
30.408962	12.818223	6.8265917
31.557186	13.103766	0.2892294
21.58186	21.113845	0.15484115
30.463092	11.453073	0.22226006
38.388877	15.169526	6.8107116
32.250852	3.2067073	6.5197673
32.195179	23.440631	0.44231513
30.97151	1.7102782	6.6187661
30.237754	21.770062	6.5707222
19.424203	22.021468	6.6535996
29.140478	12.951875	0.37030793
22.478617	21.562598	0.42503045
23.372638	21.301518	0.23507136
31.399089	12.649128	0.55743187
17.395192	35.065276	0.8910892
17.31805	24.599543	0.75692353
32.407854	13.813499	0.36915241
17.324663	34.485457	0.67987054
21.826145	11.476358	6.5365507
31.109337	17.991284	0.75268399
31.968093	22.204417	6.6820341
22.760286	21.331822	6.6146556
30.876473	11.35541	6.6205021
32.274947	11.509692	0.37544922
10.673297	17.069963	1.0283414
32.795537	23.451926	6.6850538
23.795746	22.399335	0.49917019
22.411779	21.697608	0.41663657
31.450193	27.491169	0.83187582
31.489398	11.941345	6.6911779
21.231014	22.37849	0.54623102
31.390328	1.5978167	0.33833402
20.487843	21.09364	0.22976576
22.122314	21.975332	0.34981211
21.338354	20.644814	0.35047444
30.713961	11.788294	6.606029
24.50389	22.399882	0.44372439
22.378611	23.442658	0.58969623
10.76619	17.431826	0.69326643
30.259104	2.7108638	6.5291472
23.499281	21.103949	0.3862524
21.836068	21.300219	0.41975189
34
41.266953	12.829261	0.33064879
31.766737	22.353632	0.36113215
27.478801	25.182579	7.0071726
32.418328	2.3543347	6.5601555
12.785855	12.582766	0.52087957
24.856982	23.368639	0.36387856
28.664747	25.111281	7.1309607
33.266051	3.009779	6.5770703
34.59778	13.613428	6.7086541
31.990596	2.6482467	6.641909
32.307972	22.186696	0.36669529
30.727615	13.191427	0.55307959
33.048462	21.574698	0.37902596
32.524005	22.563523	0.098968324
33.197551	2.7307227	0.29568127
34.252571	3.3282139	6.6369368
32.726837	11.63186	0.31502001
32.104047	11.673851	6.5864201
31.74329	11.689337	0.33218084
32.602707	23.858629	0.44242264
20.941981	31.562414	0.29903435
33.565549	24.389669	0.50677241
33.057647	12.881923	0.31295992
32.158074	11.994428	0.31513329
32.634458	1.9691351	6.6733384
32.938383	3.3215302	6.7077706
23.491287	14.4511	0.56365185
33.630388	2.9033635	6.8146985
27.836327	24.656604	7.2061228
32.171611	11.449882	0.18944684
33.149542	3.2750515	6.6043992
32.45226	22.107438	6.8840952
33.724173	3.5174249	6.6628111
32.904095	11.537902	0.40745824
32.268584	1.5384176	6.5266404
33.414965	4.0203179	6.6255517
21.821898	21.042161	0.2259034
33.296942	3.5480417	6.7363293
33.01821	12.281007	0.17757911
31.937642	11.924689	0.36515197
21.418156	18.361797	0.91010167
23.492388	22.724104	0.41163758
32.575144	23.340321	0.48411441
31.765422	12.580138	0.43919912
12.299893	22.22463	0.28018835
33.798821	23.970163	0.50314995
31.492773	3.6703479	6.703387
32.671895	2.0730271	6.6847473
31.517956	11.742477	6.5962332
32.313476	10.913489	0.10822135
32.282755	11.928157	0.29491409
22.897155	21.459576	0.32025011
33.6057	23.164319	0.41551578
31.875462	21.299945	0.27462918
40.665223	13.404325	6.7206887
23.721913	14.686887	0.59161768
20.604932	22.173643	0.49357356
22.661983	21.518582	0.5946609
31.281582	13.302949	6.6609054
32.468606	13.507256	0.36585278
22.568945	21.268498	0.24499634
31.410504	11.770641	0.45849976
39.129489	15.828245	7.0387151
33.198168	3.5087382	6.673147
33.105919	23.848111	0.53634439
31.920233	2.0232135	6.6106365
31.161344	22.150801	6.6760081
20.317666	22.466258	6.6468304
30.049557	13.364235	0.46611876
23.432337	21.854242	0.28891656
24.315479	21.628984	0.3138466
32.291903	13.097227	0.39162949
18.077872	35.794401	0.82749303
18.031296	25.299367	0.76162864
33.339382	14.174031	0.47271065
18.053773	35.168172	0.78165075
22.734491	11.888093	6.6609894
31.802533	18.710661	0.772042
32.857903	22.657649	6.8146084
23.703421	21.659935	6.6321306
31.822746	11.675592	6.6329319
33.196192	11.893669	0.48343619
11.297303	17.849236	0.9433825
33.714556	23.841744	6.6978039
24.648292	22.918913	0.6103299
23.318898	22.114033	0.60136614
32.133578	28.217739	0.75113592
32.404715	12.341819	6.6963689
22.076683	22.909514	0.44723965
32.36254	1.8218037	0.17457481
21.446826	21.365719	0.31694016
23.061877	22.316144	0.29155311
22.271135	20.997716	0.50674909
31.650861	12.132716	6.532169
25.424924	22.777816	0.46506059
23.251596	23.926242	0.47866768
11.49052	18.11792	0.87713956
31.204959	3.0269292	6.6374987
24.415583	21.501001	0.35568403
22.769633	21.650051	0.25632567
35
42.217814	13.134649	0.43373471
32.711798	22.674156	0.19716948
28.186758	25.888276	7.0203902
33.376393	2.6243489	6.6783989
13.66477	13.055658	0.39032397
25.782258	23.745054	0.39083859
29.379771	25.809798	7.0077622
34.169079	3.4369561	6.6677371
35.536126	13.950625	6.6679259
32.929774	2.9865207	6.6651576
33.232731	22.562598	0.40666338
31.638472	13.598591	0.32487953
33.980158	21.934589	0.29616166
33.496253	22.777961	0.4128992
34.116087	3.1230799	0.43936511
35.175349	3.7102287	6.7123621
33.680633	11.930291	0.2649865
33.052681	11.984239	6.7255793
32.63471	12.140906	0.48800497
33.521011	24.249217	0.50133991
21.896005	31.858251	0.22361604
34.450725	24.851377	0.37588172
33.943432	13.343993	0.47686814
33.102373	12.315874	0.3626833
33.598749	2.2196848	6.6693825
33.833746	3.7637085	6.79841
24.371424	14.923034	0.37233469
34.510331	3.3706764	6.7623931
28.538364	25.360149	6.9252854
33.10614	11.796416	0.43501389
34.060068	3.6847272	6.809303
33.340624	22.555891	6.5213703
34.659241	3.8676811	6.6690915
33.817989	11.942267	0.3335906
33.217949	1.8497696	6.6050547
34.362877	4.3344909	6.5603849
22.786742	21.298698	0.35695137
34.169249	4.034749	6.7962032
33.95777	12.613074	0.4428126
32.879727	12.255536	0.41805941
22.041865	19.142173	0.94256007
24.370544	23.198592	0.39860411
33.41912	23.872368	0.60504115
32.677848	12.98276	0.2598203
13.215063	22.622021	0.57460851
34.706511	24.385318	0.30683465
32.421207	4.0360488	6.5866239
33.614383	2.4037154	6.6585215
32.452776	12.093852	6.6765323
33.297953	11.082808	0.10094564
33.233702	12.234987	0.29331535
23.855604	21.733276	0.39448392
34.488138	23.630632	0.47960918
32.845039	21.537471	0.11016826
41.553589	13.860273	6.6773246
24.621719	15.113626	0.22865759
21.541132	22.520092	0.27439968
23.575919	21.916695	0.46195548
32.229287	13.615364	6.6541115
33.405239	13.84754	0.45540237
23.518344	21.577268	0.44841586
32.334682	12.146872	0.25523803
39.870275	16.498383	6.9581845
34.100324	3.9362284	6.7585531
34.024213	24.237954	0.38765116
32.878368	2.3067211	6.5608367
32.112356	22.448242	6.501416
21.273993	22.753591	6.6300692
30.923859	13.842677	0.3636688
24.369922	22.189527	0.46850046
25.256174	21.964613	0.40627557
33.210884	13.49032	0.40695775
18.755932	36.52577	0.64633761
18.782765	25.954468	0.67188199
34.224884	14.637122	0.49451635
18.80101	35.828827	0.70989988
23.685238	12.194976	6.5791831
32.516693	19.40926	0.85749085
33.731245	23.143147	6.8716626
24.632396	22.027491	6.6889429
32.752746	12.040041	6.67182
34.127538	12.256101	0.34018456
11.848044	18.682386	1.0487196
34.65336	24.183175	6.6375351
25.550154	23.338041	0.22211074
24.244453	22.487281	0.32034941
32.784358	28.970961	1.0125685
33.321311	12.737127	6.5633254
22.995075	23.303363	0.38269155
33.341137	2.0157793	0.3833655
22.406989	21.639517	0.27497339
24.015138	22.614414	0.25725208
23.181331	21.410531	0.40339925
32.61771	12.384482	6.5659774
26.269167	23.310267	0.55166709
24.168648	24.322348	0.49159589
12.15663	18.863008	0.75736583
32.163002	3.3080912	6.6256391
25.350475	21.851552	0.26638115
23.706785	21.995361	0.43141827
36
43.166372	13.443465	0.22319848
33.689853	22.879312	0.246897
28.914573	26.570372	7.0078229
34.345066	2.8613296	6.4878523
14.606973	13.382276	0.27389221
26.687446	24.163255	0.22243278
30.119783	26.473123	7.0357633
35.090821	3.8192948	6.693042
36.465518	14.318266	6.6895296
33.843444	3.389561	6.7395608
34.139338	22.977324	0.589354
32.558777	13.987986	0.39097696
34.95725	22.137627	0.18267135
34.454913	23.046978	0.25777217
35.033171	3.517254	0.49699608
36.073945	4.146643	6.6618442
34.575655	12.361833	0.45707449
34.0099	12.267547	6.5050624
33.573419	12.48042	0.41057501
34.423674	24.676414	0.44479458
22.878819	32.019013	0.084589281
35.350632	25.286333	0.42072334
34.859648	13.736965	0.50519799
34.022435	12.70506	0.33470971
34.520227	2.6059787	6.6604889
34.689058	4.2780598	6.7619535
25.278281	15.341258	0.50407174
35.412587	3.7972257	6.7742751
29.28272	26.024308	6.9713915
34.051485	12.120509	0.29140743
34.912171	4.2066662	6.8020675
34.267628	22.923803	6.6770976
35.575562	4.2646097	6.830416
34.772647	12.235124	0.32542905
34.182633	2.1067287	6.3925263
35.2811	4.7220072	6.7174666
23.765767	21.492377	0.17512921
34.986892	4.6067477	6.9945737
34.820508	13.117021	0.48121063
33.819053	12.597016	0.25138499
22.634676	19.944917	0.96276044
25.293046	23.583042	0.4484624
34.275465	24.387414	0.56436888
33.626263	13.296517	0.36083425
14.092672	23.097253	0.44504815
35.610438	24.80616	0.41666317
33.365808	4.3611297	6.5871337
34.588994	2.6200511	6.4759217
33.407923	12.38625	6.6146426
34.28031	11.264114	0.18564395
34.1972	12.499067	0.24242708
24.797724	22.060709	0.22372633
35.407338	24.014008	0.45927372
33.832987	21.686799	0.1186753
42.497055	14.188247	6.553206
25.577617	15.398334	0.39706318
22.519777	22.722383	0.21221134
24.453295	22.395381	0.63711308
33.178472	13.921936	6.6570941
34.328684	14.228141	0.30194574
24.478745	21.844938	0.13837141
33.319552	12.310857	0.17969849
40.637506	17.136066	7.1050077
34.97667	4.4155872	6.8051037
34.909616	24.693609	0.61898358
33.834302	2.595057	6.4468799
33.09236	22.642381	6.4372423
22.233206	23.032486	6.5488066
31.868236	14.16933	0.32252335
25.256476	22.648711	0.44675831
26.147989	22.415395	0.48511212
34.106285	13.932404	0.59985482
19.480829	37.20903	0.8958141
19.59209	26.540363	0.582444
35.154166	15.00198	0.4000215
19.619151	36.399728	0.63860676
24.633478	12.505708	6.4688778
33.121086	20.204228	0.9347239
34.568344	23.689078	6.7953315
25.568434	22.372621	6.6092353
33.6832	12.386471	6.4278105
35.099819	12.484939	0.22535723
12.311756	19.566091	1.2120292
35.595335	24.516637	6.5677077
26.502143	23.630717	0.42224067
25.193583	22.799214	0.22135036
33.333285	29.801486	0.7753121
34.291337	12.969804	6.6442152
23.924494	23.668184	0.44819942
34.288137	2.32594	0.18511974
23.354803	21.952059	0.18188838
24.922458	23.028522	0.49505629
24.132876	21.708467	0.25157413
33.607413	12.503709	6.3640458
27.18999	23.680324	0.11304205
25.063261	24.76563	0.53339482
12.816982	19.61302	0.8572178
33.139586	3.5165966	6.5144578
26.260363	22.261402	0.41668457
24.650482	22.318278	0.30236775
37
44.102287	13.790062	0.40288037
34.647952	23.163138	0.38725332
29.67271	27.221102	6.9725285
35.325613	3.0514502	6.4670558
15.552013	13.701005	0.41074061
27.657466	24.400686	0.23375087
30.794385	27.206853	7.1682071
36.025702	4.166312	6.4707171
37.328618	14.811133	6.8613676
34.774237	3.7475626	6.5839704
35.078319	23.300649	0.19284652
33.530417	14.217671	0.19454238
35.916734	22.413461	0.33241479
35.375473	23.429658	0.56117909
35.935985	3.9419125	0.35648366
36.976254	4.5732829	6.6061017
35.472651	12.798391	0.51570432
34.997869	12.405804	6.4527732
34.512136	12.821346	0.28865224
35.329564	25.097489	0.51172995
23.831437	32.305574	0.2964907
36.252923	25.71678	0.43811823
35.733169	14.217092	0.57034399
34.954527	13.055569	0.15288769
35.472768	2.9038594	6.5532741
35.600079	4.6880246	6.8048566
26.15667	15.815416	0.41822367
36.320956	4.2140153	6.6905546
30.015813	26.70305	7.00232
35.014301	12.380321	0.19988021
35.823553	4.6151773	6.6957375
35.208876	23.258599	6.6397261
36.399907	4.8269252	6.7991606
35.743287	12.4599	0.16932757
35.170009	2.2591708	6.4141567
36.048785	5.3528541	7.0079007
24.744317	21.694599	0.18512091
35.820122	5.1543846	6.8404345
35.761327	13.451747	0.31334387
34.770453	12.899025	0.23404129
23.145667	20.804066	1.0798034
26.166035	24.069969	0.4462442
35.154846	24.859156	0.42163678
34.587575	13.565291	0.24004629
15.011463	23.489491	0.4491576
36.525749	25.195965	0.27644606
34.329789	4.6239836	6.5881615
35.537117	2.9319947	6.5708369
34.369101	12.655063	6.6322773
35.268068	11.413178	0.18686207
35.16261	12.757505	0.23690539
25.728297	22.397766	0.54783943
36.317767	24.424784	0.37854081
34.818521	21.851062	0.23875811
43.441217	14.50862	6.5929816
26.46613	15.844376	0.55431452
23.485429	22.973426	0.37746659
25.342095	22.850688	0.35586843
34.112548	14.27677	6.6886476
35.256142	14.59432	0.5240869
25.45334	22.06083	0.24515561
34.276948	12.588111	0.39911498
41.368438	17.812354	7.171014
35.850306	4.9004001	6.8889674
35.765789	25.205323	0.64356308
34.803315	2.8224782	6.7040013
34.066867	22.857631	6.6086882
23.180995	23.345346	6.4422602
32.81709	14.480588	0.44648678
26.196229	22.983067	0.23464111
26.968881	22.982705	0.57676229
34.950623	14.466378	0.51671485
20.18477	37.91809	0.69940113
20.337993	27.202891	0.75933039
36.031908	15.479032	0.53909623
20.357584	37.07054	0.74289317
25.613125	12.703418	6.4410288
33.678007	21.032319	0.97352144
35.473127	24.112059	6.7580074
26.489258	22.759951	6.6001764
34.626215	12.707615	6.757407
36.050905	12.789753	0.23321911
12.708762	20.48241	1.163728
36.500887	24.932958	6.8034884
27.439964	23.972171	0.48748935
26.137288	23.123064	0.41911042
33.986332	30.556014	0.99016459
35.25153	13.245835	6.5095468
24.814937	24.120717	0.54948962
35.254967	2.5787535	0.19183737
24.313155	22.224508	0.4078622
25.796401	23.512383	0.52316861
25.114087	21.893289	0.22885995
34.572645	12.748134	6.7177851
28.174569	23.847191	0.20402636
25.949471	25.223673	0.47848051
13.381531	20.433058	0.89702407
34.125497	3.6696494	6.4691728
27.163165	22.68842	0.43938284
25.614548	22.581262	0.170098
38
44.97752	14.271632	0.46766397
35.579219	23.52501	0.43963833
30.343864	27.959265	7.1055569
36.27157	3.3714734	6.6553394
16.511896	13.970541	0.11398221
28.601858	24.722459	0.37011993
31.528182	27.881979	6.948877
36.958013	4.5193086	6.7868655
38.183982	15.326958	6.8340548
35.675562	4.1738204	6.7607592
36.033034	23.591839	0.35990366
34.419262	14.666484	0.44694482
36.883769	22.664697	0.17671099
36.322846	23.720289	0.35770262
36.880747	4.2649443	0.35153037
37.907192	4.9335493	6.5540218
36.390427	13.184311	0.41900175
35.950517	12.699302	6.4784979
35.437134	13.19526	0.29138195
36.201171	25.577568	0.47589961
24.761592	32.669365	0.42220462
37.15882	26.134355	0.3504414
36.61753	14.681884	0.56359061
35.877782	13.429246	0.4289788
36.428946	3.1937793	6.5928123
36.470887	5.1764874	6.817594
27.037255	16.285886	0.40530021
37.256038	4.5611863	6.6935785
30.743855	27.387406	7.0216207
35.990275	12.594007	0.22524784
36.707184	5.078672	6.7227691
36.164617	23.550487	6.5486459
37.29596	5.265099	6.7321992
36.696996	12.756814	0.28917855
36.146055	2.4684088	6.4440375
36.865929	5.9225534	6.8250187
25.731862	21.844415	0.029998027
36.705035	5.6170003	6.7048066
36.7265	13.710307	0.16312136
35.710709	13.228853	0.27318126
23.635219	21.673991	1.1661277
27.065056	24.506133	0.49005828
36.085384	25.218875	0.42897508
35.517446	13.918968	0.48669011
15.952627	23.822074	0.27622279
37.457057	25.549934	0.32740487
35.210962	5.0876676	6.773703
36.492687	3.2242563	6.5951658
35.306152	13.000618	6.6644428
36.262931	11.496019	0.029695748
36.132901	12.993072	0.29033282
26.599334	22.88369	0.3770624
37.241281	24.804658	0.30967079
35.803425	22.018515	0.19348406
44.369285	14.874004	6.768573
27.365613	16.258356	0.40960269
24.415592	23.336531	0.38142538
26.29481	23.150552	0.37912381
35.046373	14.614855	6.8419092
36.120292	15.092153	0.57709281
26.419408	22.314161	0.2195292
35.218481	12.892751	0.078332402
42.054374	18.532654	6.9306379
36.719084	5.391342	6.6888859
36.651138	25.658497	0.28876999
35.711305	3.2367402	6.7389681
34.976316	23.265118	6.6853824
24.124013	23.665184	6.7560863
33.765438	14.789331	0.50291555
27.16268	23.233426	0.32323218
27.873399	23.403743	0.32688737
35.848616	14.901961	0.55073087
20.903474	38.612104	0.81181568
21.074784	27.874562	0.66585556
36.898105	15.975326	0.44103674
21.09731	37.741787	0.80784088
26.569037	12.989325	6.6398421
34.179874	21.895183	0.86782458
36.40443	24.470863	6.6947849
27.466821	22.965629	6.4836172
35.526554	13.141453	6.6611369
36.993981	13.108848	0.39531085
13.174849	21.363429	0.9945208
37.391845	25.382437	6.694212
28.364552	24.34897	0.29088843
27.071635	23.474596	0.23725335
34.515699	31.402331	0.99578409
36.195546	13.567144	6.696517
25.728392	24.515303	0.34853706
36.212721	2.8565137	0.24611307
25.252569	22.565827	0.30822151
26.707162	23.916652	0.27962958
26.0748	22.167668	0.30655745
35.517701	13.05528	6.5424657
29.139387	24.107967	0.18870683
26.862302	25.629759	0.52073554
13.87006	21.300954	1.1932242
35.077352	3.9696749	6.676488
28.078897	23.080331	0.2569308
26.570083	22.872444	0.28483561
39
45.846625	14.764177	0.45613119
36.498876	23.916099	0.41398885
30.987224	28.7238	7.0315811
37.197428	3.7450018	6.7358013
17.470621	14.243712	0.32856761
29.529355	25.084402	0.25760315
32.296265	28.51824	7.045771
37.890206	4.8757237	6.6749199
39.081007	15.766921	6.7249154
36.561044	4.6341838	6.7281586
36.956868	23.971521	0.33309349
35.323795	15.090578	0.39742774
37.850411	22.916621	0.30497815
37.253487	24.083329	0.35686839
37.830505	4.5687432	0.44090382
38.804131	5.3575369	6.8543726
37.34719	13.469591	0.20347366
36.92787	12.908848	6.55176
36.36527	13.565341	0.41498743
37.073929	26.062647	0.55057076
25.60609	33.197321	0.62199265
38.047243	26.582969	0.70057241
37.501984	15.146262	0.45752279
36.81103	13.785923	0.38110604
37.389763	3.4655567	6.6023421
37.322382	5.6938679	6.6558525
27.930566	16.732318	0.37618757
38.16537	4.9745468	6.6896285
31.45837	28.085515	7.0501697
36.950772	12.866203	0.21682806
37.611704	5.504105	6.6964449
37.118463	23.840166	6.5563528
38.211972	5.6625593	6.6532495
37.620163	13.134608	0.25227457
37.116876	2.7061024	6.5349944
37.74257	6.3997089	6.8093938
26.726595	21.931655	0.12020526
37.599397	6.0584612	6.7900511
37.691582	13.959279	0.25268565
36.659855	13.538854	0.28731817
24.057204	22.578896	1.0483855
27.94124	24.985592	0.59827085
36.971553	25.678306	0.56682864
36.383167	14.417834	0.49871676
16.870049	24.205612	0.50994202
38.354448	25.979361	0.57964156
36.064863	5.6055118	6.6959288
37.40349	3.6302674	6.8080954
36.185724	13.470179	6.7613894
37.260913	11.518103	0.15932461
37.08551	13.29168	0.34814004
27.555689	23.167535	0.21469458
38.170481	25.16787	0.46557937
36.787391	22.191876	0.20832098
45.236444	15.369791	6.8190507
28.280725	16.658941	0.38938316
25.34477	23.695958	0.39421436
27.201931	23.567424	0.34184948
35.912899	15.111266	6.7828924
36.983476	15.589067	0.65764626
27.386862	22.562492	0.25166266
36.203183	13.055609	0.18885608
42.826863	19.16535	7.0086983
37.617643	5.8260925	6.8198219
37.516923	26.142094	0.46833906
36.655396	3.5603545	6.577634
35.894005	23.659307	6.6837767
25.067155	23.989041	6.6447716
34.651663	15.249516	0.50864034
28.123327	23.505571	0.37514564
28.828453	23.693674	0.41349394
36.719139	15.388399	0.41034504
21.516484	39.400553	0.92815557
21.830915	28.524437	0.80707382
37.739189	16.513477	0.42143447
21.803935	38.44607	0.78538216
27.521096	13.29213	6.6301265
34.756186	22.71112	0.91784261
37.32944	24.848346	6.6912298
28.460258	23.048361	6.4308787
36.452655	13.51662	6.667715
37.948159	13.392353	0.24467459
13.654807	22.239245	1.2218855
38.25754	25.878947	6.8373406
29.321477	24.629745	0.34039106
28.035561	23.735472	0.25734258
35.008768	32.271095	1.0068918
37.104475	13.977829	6.6666512
26.67847	24.825138	0.34395076
37.161009	3.1699237	0.36506958
26.213491	22.839513	0.23659451
27.674168	24.168135	0.34438337
27.05691	22.346455	0.29973944
36.453583	13.401321	6.5510373
30.056786	24.493886	0.42573426
27.707486	26.159844	0.40525609
14.349053	22.175365	1.1527221
35.929634	4.4869	6.7442711
29.065861	23.224465	0.068989879
27.530657	23.145277	0.19970445
40
46.768744	15.147113	0.45023479
37.386718	24.37371	0.45918243
31.687661	29.436436	7.1335272
38.119196	4.129925	6.6675617
18.400286	14.60576	0.38663837
30.43318	25.494677	0.50452385
33.068555	29.150847	6.9535202
38.757645	5.3666864	6.8388651
39.971947	16.218404	6.8191297
37.506534	4.9554072	6.5259143
37.917384	24.245021	0.22772498
36.247372	15.462921	0.14342498
38.816408	23.172597	0.31825197
38.178174	24.458763	0.44088847
38.73453	4.9946126	0.4701608
39.661576	5.8710773	6.8404538
38.327888	13.661141	0.17260193
37.875574	13.224702	6.6567459
37.289501	13.937701	0.20066332
37.970975	26.501463	0.50047337
26.494024	33.652982	0.4900083
38.923076	27.055758	0.33260912
38.422161	15.536529	0.48630849
37.761038	14.093574	0.33153766
38.367306	3.6606396	6.3723101
38.225566	6.1183971	6.5657461
28.81994	17.183978	0.59070333
39.047009	5.4400087	6.8647185
32.191394	28.764484	7.0748192
37.906269	13.15794	0.26458427
38.462382	6.0239845	6.836013
38.070417	24.144231	6.5163172
39.106214	6.1009319	6.7372633
38.567568	13.451497	0.29151238
38.097719	2.8876237	6.4427528
38.549214	6.988172	7.0199386
27.706669	22.123184	0.21005348
38.51292	6.4632102	6.6945169
38.638252	14.274727	0.36763406
37.599391	13.878613	0.37036001
24.561535	23.44158	1.0414816
28.801918	25.486523	0.47141744
37.80423	26.230356	0.62651017
37.27112	14.875029	0.42278967
17.751513	24.664759	0.30507367
39.207222	26.499128	0.61687578
36.981704	6.000522	6.7994223
38.314143	4.0352454	6.5620482
37.022185	14.014454	6.7721761
38.244728	11.685916	0.13178487
38.050899	13.5496	0.27390508
28.534235	23.365917	0.27249986
39.043538	25.652331	0.4507765
37.765191	22.398643	0.17495591
46.083264	15.893376	6.9125272
29.194467	17.062559	0.35590164
26.181072	24.237473	0.52353511
28.135792	23.92131	0.29936524
36.815845	15.534963	6.7609911
37.838598	16.106498	0.54860446
28.337626	22.862311	0.44558519
37.160349	13.337122	0.42541923
43.656007	19.718007	6.937282
38.457972	6.3665699	6.8175176
38.423175	26.560945	0.31960559
37.602979	3.8711764	6.6679449
36.726	24.207606	6.9149156
25.991074	24.357952	6.8589019
35.562074	15.660184	0.43562294
29.080288	23.785987	0.25267493
29.805938	23.887226	0.18466915
37.611074	15.829504	0.53097522
22.215118	40.113824	0.88918484
22.604218	29.15335	0.69861024
38.660294	16.900548	0.45951844
22.472785	39.188426	0.82164161
28.455815	13.64506	6.5638584
35.265863	23.56995	1.1649727
38.239791	25.259122	6.6308143
29.452278	23.165993	6.4599141
37.400531	13.828309	6.4619453
38.927941	13.587582	0.1613262
14.114436	23.125042	1.1548674
39.051024	26.483446	6.8377659
30.237282	25.029192	0.44068068
28.975234	24.069423	0.43271996
35.590084	33.083621	0.98518693
38.079655	14.194209	6.5029859
27.624018	25.147608	0.32932041
38.097406	3.4995681	0.10942523
27.165966	23.141193	0.36889748
28.61276	24.510482	0.44745257
28.01421	22.629909	0.26552557
37.409397	13.689664	6.4957588
30.952299	24.937007	0.54558452
28.594977	26.618657	0.47396267
14.767581	23.081571	1.0712291
36.847905	4.8719598	6.8242054
30.054286	23.366774	0.21097524
28.504972	23.35966	0.30786586
