29.999999999998316
37.517683712570772	11.452004457723229	0.34624801693670915
28.032411756921736	20.977307773344886	0.24580965759836754
24.359245911291325	22.692251655217817	6.9436080160944194
28.627235829192035	1.1039623572395754	6.742206111473422
9.1109161943599606	11.036373417486262	0.27725977662948764
21.189501359176525	21.812532046245362	0.33482207913537226
25.560219835642791	22.606393763322373	6.7835818025314634
29.576266002844182	1.4937134981554039	6.6651050446391755
30.982921306449004	11.939420011107767	6.7120161852789657
28.310703280459379	1.1012783854157921	6.7168952477729897
28.487531766883983	21.040593136350019	0.23138449095509206
27.18466894147636	11.372420482394878	0.26203052812224109
29.181473560785719	20.65450192573801	0.26667755960521977
28.816189648196985	21.102355499124261	0.47951539386443665
29.433604770263656	1.4262319771971141	0.33312114334116472
30.543217039060625	1.8652512232214105	6.5596390909804585
29.007905792663525	10.240589203501616	0.17277441518398762
28.290268191835167	10.508483606026148	6.6767764096766182
27.907056469601564	10.603664019902778	0.27156686238318323
28.93864307817552	22.272069067243105	0.37403468897031966
17.062410024128489	30.639461590048416	0.20798000025380778
29.897367148678804	22.828481936375912	0.54520898069663537
29.355418435437098	11.405124997535282	0.42464087880631585
28.444719924090325	10.544259623908856	0.32767513961600137
28.830067782178123	0.78878013422812865	6.5718164166833786
29.321637881007437	1.6465270865222368	6.5013114226667401
19.786250557256235	12.965416690985995	0.39067329445727772
29.969250278100144	1.3078003887425624	6.7743854467808982
24.724532097638214	22.163178095070421	6.8056752654291497
28.311192873053265	10.445591767810555	0.32213306085611171
29.511558077853937	1.6656534406073156	6.6940404963651741
28.711231196380673	20.733735091153598	6.6621710263882754
30.01387989628369	2.120569281033815	6.4789993368668384
29.165635724362115	10.172436577002626	0.25441962204944829
28.475760211135917	0.29383376252225629	6.5740577005720215
29.663733255576684	2.6661862546189004	6.72091574305046
18.028064912890041	19.806128262953493	0.53614877828158503
29.585718978744783	2.1083076115996211	6.5894007102984204
29.349685458864787	10.72677802085604	0.36282450342815659
28.229277007101089	10.449231637732472	0.45141003652354428
18.698044197908651	15.449909922870388	0.67976489985342092
19.711779766532704	21.441796905537384	0.39260439926094537
28.942953989086259	21.695407434000646	0.37079968106628525
28.018578395287047	11.19995442861506	0.25580059989043136
8.5321389647454744	20.94705984381503	0.37839112275869036
30.020818090211378	22.695719329898122	0.39022651344762099
27.858321686712365	2.0276862024123528	6.5316851704185295
28.957032130888305	0.63289739854282312	6.7646759543365258
27.818720915959155	10.240512568428016	6.6905333006419685
28.507741116132291	9.7619108038163223	0.53750915226883678
28.594092755096181	10.467870560885554	0.61322919326414982
19.154731662308532	20.063085038855959	0.28297758903519421
29.953818253734724	21.556173342123181	0.333212769732467
28.049195353028665	20.213902564296355	0.22187642557849829
37.170651603686935	11.49015154573005	6.6003325954811913
20.097832256499569	13.0486137412414	0.48358231965081405
16.905964460068326	20.708499550497589	0.44817272727594998
18.876910730141674	20.280049654986826	0.36421990838629131
27.804747897216139	11.348561208253571	6.7252446897143345
28.851972922705333	11.842061631273287	0.39499916899689624
18.747102503439358	20.188601374598051	0.49275762506118942
27.558835858159842	10.720141242300304	0.18231980421715707
35.568578317504802	14.849319561209382	6.1640943984737095
29.424283894092277	2.2148337455289293	6.6139567208968755
29.356148105717118	22.491980263061613	0.40399732611390582
28.10276681422414	0.86398178670422188	6.717161096379261
27.388224694330539	20.845952102530859	6.5671070225051986
16.652592368917183	20.885431126073303	6.5391329393261532
26.463302443893095	11.627967299660385	0.35351422002233446
19.634322543957186	20.62950982025972	0.22824318793852524
20.528043185134173	20.373392142735259	0.35765203541102553
28.691278132283308	11.37103472669167	0.50766205574116363
15.013981402523523	33.254360194780205	0.67060276112907735
15.043583327799755	22.662661298900534	0.5003763317756883
29.687792556826864	12.61015406047273	0.552394437897609
14.822743340137258	32.844832744849143	0.50668128797755874
18.960620963199585	10.637805182922522	6.5608419587000819
29.020922788023071	15.871827560185476	0.83972895613670395
29.221161567034322	21.017731962986399	6.8176187585380301
19.912778488860006	20.423017683868949	6.5838066069151031
28.144094262834294	10.156939781998007	6.558709730597438
29.417993737727855	10.627148378484094	0.33676507855623528
8.403321702693022	15.156554387735612	0.71035336962580187
29.948543571653612	22.526788940034187	6.5271943384434028
20.949910317251671	21.497372555466431	0.22821432287604324
19.674088704812423	20.484702389642713	0.37313786935539878
29.275287154167778	25.430685307003781	0.88833996973783713
28.690615425256709	10.879664734505193	6.6199544069891161
18.471575342712089	21.227991810187827	0.45523562983875721
28.526405077326054	0.73154361999317064	0.21894197744313482
17.668047102120145	20.099240341165608	0.31417779598498052
19.308226257964492	20.9754389078728	0.19385191984136244
18.561731540677634	19.558491939348954	0.32238058643270617
27.862975684399036	10.886315261806114	6.6813481993194364
21.698248900810345	21.397185920467177	0.24315589575234905
19.648925064455298	22.218227555125001	0.30525436144887741
8.6015484552239805	15.3658015779218	0.5777651112324439
27.530313326482592	1.4812491511507264	6.6579809883269148
20.629702393658132	20.253355750767792	0.24250899503158824
19.003215478845515	20.356126822340244	0.23876272120831829
