100
1
1
1
0	10
0	10
50
56.229729	18.255026	0.34116751
46.553577	28.228653	0.3838953
39.172991	35.636597	6.3611856
47.646325	7.024734	6.4734959
27.648165	18.269681	0.20725706
39.361864	29.766435	0.32199814
40.949736	35.239281	6.7162985
47.685211	9.7633459	6.8208311
48.62817	20.967778	6.7637385
46.953594	8.1137821	6.7811012
47.172736	27.853567	0.28560427
45.706876	18.568944	0.52160771
48.259705	26.241237	0.18447118
47.592964	27.589641	0.1865579
47.829409	9.0813759	0.38945823
48.479574	10.427058	6.606719
47.908726	16.330353	0.21457153
47.546968	15.611579	6.2139489
46.880612	16.589873	0.25462782
46.210012	32.009783	0.80381938
35.891542	36.864425	0.2814241
47.151882	32.588642	0.91453476
47.398645	19.851498	0.38326876
47.39341	16.614814	0.23301442
47.974064	6.1817713	6.640426
46.722736	11.282626	6.9776767
36.993938	22.733774	0.83059423
48.111752	9.5908429	6.6045335
39.64982	35.063486	6.6481148
47.542455	15.705954	0.15594211
46.937254	11.199457	7.022886
47.562361	27.176934	6.5934182
47.540991	11.371886	6.9949251
48.231222	15.881877	0.19978578
47.722864	5.2851295	6.5093967
46.942201	12.250674	7.025719
37.323288	24.377253	-0.15438967
46.730509	12.044877	7.0966422
48.101883	17.146033	0.18035224
47.217301	16.490179	0.14785768
28.258955	32.662853	1.2599857
37.490337	30.393588	0.42196334
46.3999	31.202567	0.71959404
46.638242	18.297345	0.29510941
27.184106	27.856523	0.25332871
47.258523	32.331948	0.95263681
45.721606	10.72607	6.8901977
47.98799	6.3378283	6.3238786
46.646714	16.549221	6.3497574
47.94635	13.458904	0.2679924
47.47789	16.612384	0.085534688
38.093377	25.973976	-0.085273208
47.930368	30.13654	0.36733814
47.283235	25.130149	0.11753618
55.497067	19.088475	6.8953047
37.205147	22.851477	0.83063452
35.495794	27.684386	0.35049332
37.730883	26.611921	0.15797698
46.193327	18.891498	6.9453237
46.49164	20.997958	0.68507109
37.856098	25.621449	0.12310878
46.668399	16.036971	0.13448331
51.644471	25.622223	7.0059894
46.903029	11.630452	6.9247781
46.571756	32.157319	0.76841961
47.173768	6.6218132	6.5821164
46.081398	27.582156	6.6959337
35.419957	27.460119	6.6087525
45.213253	17.996024	0.31844818
38.665786	26.206153	0.075909666
39.35253	26.614061	0.38224817
46.5091	20.2691	0.53022438
29.633119	46.593567	0.48715028
30.044194	35.50463	0.3679946
47.052769	22.200503	0.66640016
29.533611	45.856059	0.47766558
38.072986	16.187955	6.3850506
38.385209	33.034324	0.9185706
47.161536	29.69862	6.6410852
38.99607	25.833426	6.5444191
46.927404	16.56843	6.2396984
48.497464	16.077967	0.026931037
18.120428	32.215924	1.0283544
47.486646	31.710425	7.0681478
39.250255	29.172764	0.35767553
38.537826	26.737033	0.20167867
38.377486	42.635297	1.1712089
47.535249	17.320018	6.5316894
36.787949	29.042927	0.27078724
47.673787	6.0145062	0.17313654
36.829194	25.45526	0.17877842
38.304093	26.73319	0.17335929
37.816665	24.042713	-0.14606154
46.875461	16.740727	6.5027775
39.827606	29.287976	0.45379634
37.022905	31.875048	0.63678256
18.030035	32.45164	0.98689131
46.204343	8.2786651	6.6589693
39.448639	26.458259	0.38796037
38.08608	25.978117	0.13236129
51
57.158084	18.623042	0.42619156
47.439983	28.688157	0.61396308
40.162373	35.772501	6.4819719
48.628845	7.207588	6.3856286
28.629644	18.4567	0.1048839
40.266615	30.179753	0.65338547
41.842407	35.687763	6.704512
48.609745	10.137382	6.5049943
49.572312	21.275777	6.4283246
47.881358	8.4841127	6.5641055
48.129562	28.141042	0.33487242
46.567376	19.076176	0.55899764
49.250378	26.36557	0.022207957
48.589041	27.634193	0.08780027
48.777227	9.3975914	0.27073874
49.443273	10.676817	6.42438
48.889094	16.523398	0.10082857
48.534603	15.747447	6.3207559
47.863025	16.748102	0.15292844
46.894136	32.738123	0.87420173
36.803519	37.271983	0.42468472
47.705155	33.418643	0.82899871
48.346751	20.160416	0.23899639
48.381681	16.757318	0.19663621
48.953887	6.3597424	6.3209153
47.504547	11.902376	7.1377266
37.653744	23.482284	0.88406005
49.089737	9.7941793	6.4732119
40.590342	35.393598	6.5522157
48.518165	15.919644	0.16021141
47.699131	11.845518	7.0358097
48.520134	27.461354	6.5860374
48.345363	11.963655	6.9595376
49.222917	15.973347	-0.080081976
48.698411	5.4965898	6.362283
47.700987	12.89985	7.0293479
38.297732	24.530512	0.36661501
47.415684	12.771548	7.0305011
49.064219	17.415508	0.23596804
48.214536	16.544398	0.099645734
28.787787	33.504395	0.88518523
38.44819	30.669554	0.23485999
47.219067	31.767699	0.78110551
47.58865	18.6067	0.27369006
28.115608	28.214485	0.38686263
47.886587	33.108842	0.96639029
46.462341	11.393873	7.0719788
48.981938	6.4176301	6.3666894
47.631881	16.706791	6.5561098
48.786265	13.987944	0.73775199
48.461706	16.785133	0.085449589
39.091812	25.943039	0.057022646
48.899675	30.371925	0.13880001
48.275878	25.231981	0.14235577
56.289884	19.693353	6.9649686
37.872451	23.594393	0.81647361
36.413926	28.078542	0.34839059
38.722339	26.727191	0.12121356
46.9711	19.518098	7.024605
47.295806	21.590768	0.77824465
38.853609	25.657105	-0.0091574101
47.641552	16.258189	0.29675015
52.550121	26.024797	6.7539302
47.637483	12.307285	6.9017887
47.290798	32.851218	0.86231714
48.149796	6.835863	6.5742439
47.008033	27.950516	6.6893015
36.330195	27.867359	6.7978944
46.129096	18.389257	0.35696577
39.659347	26.295071	0.26057344
40.305751	26.914574	0.1959463
47.287244	20.892815	0.67002322
30.511109	47.070248	0.44378024
30.982858	35.846671	0.30522211
47.772779	22.893603	0.76833163
30.420484	46.297388	0.30863929
39.055822	16.36701	6.3752863
39.006682	33.81619	0.91945584
48.108132	30.009465	6.4678391
39.983438	25.964849	6.344216
47.917298	16.657138	6.426405
49.491154	16.178399	0.14255628
18.543639	33.120874	1.1196196
48.130869	32.469686	7.1799957
40.143123	29.619187	0.5186154
39.523837	26.888268	0.021080313
38.86076	43.507907	0.91157508
48.521448	17.478613	6.4757033
37.723174	29.378633	0.51205545
48.655791	6.1970192	0.13110732
37.804196	25.666587	0.32097628
39.267383	26.993292	0.23113403
38.756405	24.287209	0.49619722
47.865452	16.864544	6.5376176
40.667224	29.826925	0.61890978
37.775425	32.5229	0.8466483
18.528607	33.316371	0.90162657
47.127492	8.6611381	6.630747
40.398576	26.762142	0.24863577
39.07851	26.095355	0.15594319
52
58.048112	19.077671	0.52086817
48.26825	29.247232	0.6334355
41.148942	35.927549	6.4976836
49.617616	7.3537581	6.3790756
29.619601	18.589052	0.16595492
41.122862	30.688825	0.47180452
42.721108	36.162631	6.7259126
49.585966	10.352977	6.4899494
50.552335	21.465418	6.5025948
48.799753	8.8753496	6.8514109
49.090759	28.410293	0.34983172
47.445442	19.545911	0.31941143
50.247831	26.418739	-0.013978889
49.583147	27.718107	0.03793583
49.748549	9.6298335	0.24846165
50.414542	10.90138	6.4558807
49.885628	16.556035	0.1821533
49.530981	15.755234	6.1718915
48.848924	16.904544	0.035300911
47.496601	33.527612	1.0355992
37.717899	37.6735	0.55457802
48.30635	34.214448	0.74808782
49.319811	20.385752	0.17410728
49.359038	16.963896	0.20573815
49.929927	6.5636087	6.4211934
48.13419	12.677358	7.2670927
38.313813	24.232289	0.81806175
50.064881	10.006648	6.6504125
41.572875	35.563248	6.4026403
49.504277	16.071376	-0.022602618
48.421127	12.535475	7.063378
49.502767	27.637494	6.3428405
49.084252	12.634769	7.0303447
50.215258	16.081608	0.1057974
49.687523	5.6012832	6.5682283
48.396718	13.614232	7.0157103
39.209583	24.938462	0.5695543
48.107187	13.492864	7.0508952
50.043125	17.609474	0.070696963
49.212707	16.540785	-0.075305334
29.463037	34.238504	0.87257277
39.437145	30.798362	0.18869022
47.84898	32.540286	1.0468759
48.507815	18.994643	0.47250202
29.079638	28.469219	0.22817275
48.506937	33.889408	0.72827851
47.082071	12.175056	7.3101269
49.965712	6.5904706	6.5352257
48.605092	16.924982	6.5737606
49.56367	14.612841	0.60044851
49.457271	16.834722	0.2744293
40.080779	26.081442	0.20805931
49.890504	30.48686	0.1618235
49.24598	25.461121	0.30372499
57.15574	20.182709	6.7249346
38.658466	24.208539	0.64153702
37.297607	28.528211	0.68336263
39.716539	26.805178	0.2770443
47.838537	20.01065	6.7280777
47.968813	22.327754	0.88280868
39.835142	25.806176	0.088983748
48.609383	16.507262	0.21976227
53.432216	26.489207	6.8703434
48.305676	13.045455	7.187488
47.934245	33.61503	0.93833805
49.124114	7.0534282	6.3177329
47.888274	28.418588	6.9196615
37.201713	28.355967	6.8186174
47.027956	18.820424	0.43062495
40.631067	26.52906	0.26039357
41.298439	26.998575	0.10690263
47.962396	21.621589	1.0891314
31.386593	47.543862	0.55795821
31.953521	36.083094	0.24313872
48.412809	23.659349	0.81088272
31.382474	46.558552	0.11987694
40.050272	16.463817	6.4239221
39.716758	34.508037	0.77395824
49.06122	30.298125	6.5071141
40.953063	26.190996	6.6242258
48.890017	16.874209	6.3367427
50.486054	16.249638	-0.012389285
19.101977	33.947911	0.95407236
48.798241	33.212999	7.0398688
40.991123	30.147169	0.4571802
40.517816	26.847532	-0.2280813
39.533895	44.244738	0.7034046
49.511519	17.587773	6.2414126
38.596114	29.86489	0.44314211
49.650797	6.2730811	0.069882956
38.781313	25.872872	0.050631768
40.256184	27.132188	0.082511041
39.577967	24.855388	0.58176429
48.853587	17.011728	6.4034995
41.480602	30.404654	0.53005183
38.398121	33.30326	0.79842351
19.228724	34.027155	0.63904392
48.031992	9.0681011	6.7975503
41.377877	26.957868	0.22579266
40.047421	26.329147	0.32106564
53
58.932859	19.54031	0.42127361
49.112601	29.777132	0.50737278
42.091123	36.254278	6.5824209
50.586251	7.583846	6.6076867
30.592685	18.815963	0.24825053
42.005601	31.155249	0.56114296
43.664493	36.491446	6.6706154
50.550518	10.612303	6.5204769
51.521618	21.70457	6.5899474
49.70384	9.3006272	6.6414256
50.036255	28.729713	0.37969411
48.317356	20.015154	0.64282896
51.231885	26.569612	0.18125958
50.564804	27.858209	0.35009538
50.719674	9.8652794	0.23089142
51.370144	11.19145	6.6669427
50.883197	16.577622	0.040985138
50.526712	15.810264	6.4119379
49.843071	16.973616	0.28080834
48.081062	34.336947	0.79533283
38.55133	38.224211	0.62266814
49.060196	34.869731	0.79868252
50.275878	20.67143	0.28496829
50.343537	17.130603	0.2070431
50.901075	6.7888667	6.4194131
48.698668	13.496223	7.0888291
39.02586	24.933602	0.77652847
51.012259	10.320966	6.6921467
42.536599	35.813825	6.7258566
50.501671	16.093863	0.10498336
49.093089	13.275119	7.1350901
50.487407	27.804129	6.4177532
49.853383	13.272782	6.9590522
51.194679	16.262881	0.15015521
50.647792	5.877677	6.5196884
49.039866	14.373514	7.055679
40.12597	25.319979	0.26637743
48.810183	14.202178	7.0662283
51.032185	17.751239	0.095620736
50.208452	16.577522	-0.027017964
30.139207	34.972773	0.82603803
40.410514	31.013699	0.36426934
48.358142	33.39871	1.0069305
49.369315	19.500956	0.52722205
30.056519	28.680185	0.19933366
49.204098	34.604927	0.86896659
47.593195	13.033643	7.2257186
50.951874	6.7434531	6.5569965
49.596227	17.036935	6.3090615
50.469328	15.018592	0.40213386
50.438877	16.991919	0.031698966
41.077782	26.138938	0.065349965
50.850129	30.7598	0.21810924
50.157568	25.863768	0.28769433
57.977475	20.745184	7.0293639
39.41425	24.861676	0.74396397
38.058392	29.175995	0.76609731
40.695893	26.998818	0.24130699
48.696163	20.51958	6.9017274
48.470613	23.186815	0.88583868
40.825693	25.932538	0.18680615
49.606839	16.551889	0.0964396
54.389568	26.761466	6.6144079
48.89108	13.855038	7.1143179
48.60645	34.351127	0.80437398
50.117606	7.1138074	6.3857753
48.72275	28.968923	6.8690663
38.032932	28.911111	6.8905195
47.865351	19.362071	0.54544752
41.601373	26.767931	0.15469723
42.288917	27.117345	0.1559474
48.472288	22.4798	0.99566186
32.263189	48.013614	0.31062527
32.901493	36.397967	0.28115668
49.090255	24.390776	0.77865122
32.36964	46.713477	0.19497026
41.012044	16.729562	6.6623057
40.498939	35.124228	0.55167475
50.005132	30.618838	6.6474564
41.92491	26.423339	6.4987667
49.888084	16.845739	6.295706
51.480912	16.329024	0.24818954
19.748502	34.707867	0.71235006
49.48829	33.934403	6.9086074
41.950554	30.418973	0.42621205
41.512992	26.861517	0.12020835
40.342025	44.826892	0.48997075
50.50175	17.701326	6.5195606
39.498257	30.292837	0.36368282
50.635228	6.4324187	0.23018633
39.775313	25.963732	0.14484939
41.226207	27.364132	0.24433273
40.440135	25.358337	0.51893633
49.827416	17.22566	6.5637316
42.394007	30.806166	0.313647
39.092468	34.019845	0.94371259
20.02597	34.626907	0.85420512
48.900202	9.559494	6.8935875
42.348565	27.192224	0.13206346
41.003944	26.612195	0.30458975
54
59.812484	20.011982	0.55804003
49.967943	30.292343	0.49753622
43.074608	36.422527	6.4227229
51.559881	7.7933132	6.6069908
31.550106	19.10294	0.30625308
42.844487	31.696539	0.68122814
44.625346	36.744783	6.3813112
51.494352	10.937618	6.5908586
52.441472	22.092061	6.6843828
50.603328	9.7329283	6.8150382
51.000016	28.984203	0.24679293
49.131918	20.593464	0.60398112
52.194245	26.833823	0.26826413
51.510242	28.182168	0.2087662
51.66853	10.173702	0.24812993
52.32125	11.489953	6.6304582
51.864433	16.751919	0.31178421
51.460718	16.153777	6.6397986
50.810864	17.218407	0.19047
48.674009	35.138974	1.0324985
39.383977	38.775312	0.72403841
49.733623	35.606254	0.74454468
51.203786	21.035375	0.52840121
51.339768	17.175097	-0.055822675
51.871078	7.0224142	6.4357393
49.244132	14.326649	7.4332736
39.781816	25.586117	0.77460847
51.942593	10.685657	6.6273278
43.4974	36.071619	6.3835197
51.457361	16.376352	0.38797479
49.692409	14.071325	7.1803407
51.465169	28.006959	6.449816
50.583174	13.954568	7.1124827
52.161154	16.50873	0.2776285
51.609973	6.1474794	6.4849376
49.629726	15.175841	7.3299702
41.065823	25.655623	0.38379032
49.532237	14.893318	6.9925442
52.023222	17.878994	0.11541309
51.188437	16.733653	0.21378961
30.883664	35.634019	0.62215407
41.370591	31.285741	0.19896357
48.875796	34.253788	0.99569356
50.232241	20.004909	0.52158796
30.981978	29.05103	0.48980447
49.882927	35.336747	0.84291176
48.156314	13.858138	7.3845881
51.934983	6.9125394	6.513169
50.590057	17.128019	6.5103199
51.353311	15.483596	0.46075052
51.425503	17.150394	0.25316844
42.045637	26.371786	0.3352853
51.817804	31.010611	0.25286726
51.115665	26.120228	0.016901639
58.818859	21.279714	6.8942284
40.116897	25.572053	0.82136287
38.889498	29.725745	0.57697662
41.66386	27.235675	0.39030593
49.514813	21.091458	6.8665626
49.050136	23.999906	1.035935
41.796368	26.169991	0.32402033
50.587203	16.733649	0.25310779
55.358373	27.003619	6.4735596
49.580141	14.577461	7.0265662
49.255933	35.103998	0.69910275
51.107831	7.2452935	6.45497
49.487505	29.609849	7.0738142
38.81212	29.533564	7.0063594
48.695352	19.909314	0.75938701
42.575215	26.988124	0.2649866
43.272163	27.293219	0.12783953
49.068045	23.282066	0.94306868
33.243446	48.197422	0.050376059
33.862378	36.671268	0.39268448
49.742385	25.146185	0.90572861
33.350006	46.903202	0.21625057
41.985039	16.909941	6.3192381
41.361711	35.626558	0.47978191
50.966165	30.882562	6.5671885
42.889543	26.683343	6.5405834
50.883251	16.927349	6.4967989
52.445801	16.583203	0.12781474
20.436563	35.432326	0.81457727
50.221609	34.610443	7.0827556
42.859035	30.835413	0.46115924
42.46018	27.172359	0.23176824
41.177823	45.371244	0.50143475
51.476494	17.919136	6.3624205
40.402443	30.701329	0.62985086
51.564846	6.7943967	0.27733827
40.730554	26.247952	0.39941241
42.177528	27.663502	0.37684636
41.340268	25.788592	0.48956135
50.809284	17.410985	6.5169442
43.287463	31.251906	0.57636851
39.706248	34.80783	0.99573064
20.77934	35.280857	0.64002946
49.711475	10.142288	6.8092473
43.338288	27.329579	0.15745664
41.943967	26.947572	0.4531695
55
60.640127	20.570777	0.67127291
50.847982	30.76168	0.38450509
44.05721	36.586396	6.3268742
52.511188	8.097629	6.5868463
32.494111	19.428621	0.42202248
43.744715	32.12287	0.42823444
45.590528	36.991619	6.6072381
52.408888	11.333908	6.7103847
53.341802	22.525963	6.6798882
51.435578	10.284872	6.9011523
51.924198	29.360611	0.46204918
49.974008	21.127765	0.3960814
53.180257	26.951815	-0.037908379
52.476874	28.43345	0.28079674
52.613338	10.495697	0.36373935
53.262255	11.824545	6.7119992
52.838724	16.969103	0.16706679
52.40348	16.484869	6.6822414
51.808488	17.269854	0.089851482
49.237606	35.96224	1.0213087
40.158144	39.404549	0.73700126
50.381621	36.365439	0.8780621
52.107204	21.453802	0.48282766
52.318322	17.355598	0.30122451
52.866664	6.986482	6.2322098
49.727252	15.200095	7.279966
40.455448	26.321614	0.84620602
52.870597	11.0543	6.6932317
44.475736	36.264856	6.4225011
52.423028	16.620394	0.14691962
50.300453	14.864464	7.2082176
52.427342	28.27395	6.5443136
51.207498	14.731646	7.1599808
53.145164	16.668326	0.010074303
52.5825	6.3768281	6.4529303
50.189316	16.00029	7.2348972
41.966962	26.084104	0.36934482
50.20021	15.634686	7.2562902
53.009116	18.041853	0.12664249
52.141186	17.029326	0.33831087
31.754939	36.119044	0.35636873
42.272629	31.704859	0.39934092
49.396229	35.104228	1.0521565
51.091968	20.514612	0.49618003
31.883889	29.480001	0.46693383
50.566577	36.064722	0.68496635
48.639897	14.731877	7.2405714
52.904459	7.1547044	6.581144
51.562326	17.357279	6.5532147
52.249175	15.925607	0.5083904
52.390026	17.403361	0.11111117
42.998211	26.672888	0.2398385
52.755567	31.35303	0.43725003
52.101093	26.278852	0.23969788
59.651101	21.828726	6.8005639
40.805645	26.29512	0.85072297
39.736201	30.256785	0.5614162
42.640282	27.421679	0.14160503
50.361452	21.61977	6.8148496
49.567808	24.854805	0.98725584
42.734507	26.511513	0.25379048
51.53846	17.038259	0.19390428
56.315337	27.256023	6.7801042
50.243804	15.319804	7.1171099
49.971174	35.800357	0.78655048
52.09455	7.4015907	6.5884244
50.290524	30.203468	6.89008
39.578221	30.1722	6.8938785
49.464346	20.547427	0.71934153
43.564822	27.125955	0.11120099
44.269047	27.353597	0.1487698
49.648092	24.090295	1.0933025
34.237915	48.283769	0.12660378
34.833322	36.900051	0.2407171
50.357654	25.930301	0.95815872
34.339396	47.039494	0.086413224
42.972649	17.042915	6.254588
42.281657	36.016346	0.26711463
51.88199	31.276402	6.7690984
43.858873	26.924708	6.4602624
51.874239	17.048387	6.3531423
53.419724	16.801908	0.19186542
21.087594	36.189772	0.86637376
50.887682	35.353441	7.245795
43.770887	31.243018	0.43218317
43.435918	27.38735	0.13103672
42.069923	45.82079	0.42664356
52.437744	18.180184	6.5237166
41.234751	31.252635	0.65391285
52.517305	7.0887879	0.12917791
41.639783	26.661152	0.38619
43.146555	27.904954	0.29734678
42.230889	26.233735	0.47196992
51.782047	17.633936	6.466449
44.178512	31.703082	0.51706383
40.255448	35.639377	0.86646712
21.65457	35.759817	0.46378195
50.544438	10.694189	6.8187755
44.319027	27.509413	0.27560325
42.889198	27.242622	0.082836159
56
61.437455	21.170819	0.74631624
51.71339	31.259071	0.53076436
45.04793	36.70815	6.4978953
53.468929	8.3837162	6.5433012
33.406141	19.836063	0.50438114
44.629696	32.577907	0.64040618
46.508427	37.384424	6.7608687
53.302874	11.78103	6.7102936
54.244617	22.951801	6.6908788
52.215639	10.909037	6.9231784
52.860729	29.709209	0.39670821
50.877139	21.554999	0.51803657
54.17963	26.957671	0.015240846
53.448565	28.661233	0.078506324
53.505443	10.933008	0.66479415
54.148743	12.283798	6.7640485
53.813815	17.16695	-0.036675242
53.358714	16.771347	6.5288373
52.784902	17.475713	0.34343497
49.763925	36.810941	0.95779426
40.9231	40.045703	0.51341096
51.032691	37.121534	0.79919335
53.018673	21.861199	0.42844718
53.287952	17.592888	0.17225977
53.864289	6.9993433	6.4110677
50.375707	15.958707	7.057845
41.032983	27.135216	0.80189204
53.783292	11.456298	6.7505919
45.442463	36.510695	6.5411901
53.39294	16.855946	0.28909352
50.805497	15.718077	7.3859755
53.388355	28.546507	6.4945555
51.866115	15.481956	7.1832257
54.133741	16.789148	0.1465435
53.567928	6.5393494	6.4603194
50.707492	16.851077	7.3590193
42.92661	26.360086	0.26268016
50.750711	16.466234	7.2119374
54.000764	18.16403	0.19945222
53.092676	17.33493	0.30718016
32.699261	36.443523	0.37547245
43.171959	32.138182	0.3912746
49.981057	35.909079	0.79675881
51.936066	21.049144	0.59939324
32.677363	30.08504	0.61487916
51.319558	36.721217	0.81485384
49.226317	15.540492	7.1683099
53.880808	7.3611453	6.3764767
52.542679	17.548331	6.4047064
53.164558	16.31249	0.21977874
53.384844	17.489815	-0.014935581
43.985101	26.828909	0.084808805
53.649617	31.796939	0.43902984
53.09372	26.380435	0.10072857
60.568147	22.218256	6.7028738
41.511956	26.997573	0.64257268
40.576734	30.796479	0.62129317
43.633561	27.530871	0.18146031
51.22307	22.125606	6.7773487
50.025306	25.742198	1.0808842
43.689418	26.804141	0.17322169
52.515008	17.241184	0.25952145
57.220658	27.675365	6.6384544
50.853693	16.109589	7.2469409
50.585291	36.58672	0.87665008
53.046607	7.7034424	6.5087905
51.189257	30.638648	6.7992497
40.41397	30.715961	6.6130607
50.257551	21.153622	0.6334259
44.561141	27.197274	0.082857827
45.263608	27.393238	-0.018501018
50.076469	24.99231	1.1223796
35.223106	48.447791	0.07607798
35.787857	37.1926	0.3054833
50.976611	26.712752	0.91155383
35.33449	47.124683	0.1741754
43.968518	17.103096	6.3969936
43.246026	36.275521	0.23270643
52.775008	31.722916	6.6649724
44.848731	27.039315	6.5376132
52.871862	17.103845	6.3769393
54.399847	16.994302	0.089544679
21.836578	36.850036	0.79198572
51.485212	36.15441	7.179432
44.673154	31.670004	0.55999446
44.432542	27.42012	-0.072761976
43.019638	46.125091	0.26137609
53.418209	18.35968	6.3521761
42.061953	31.812699	0.65264766
53.515572	7.0962234	0.012600415
42.568083	27.011714	0.14580127
44.096952	28.211886	0.18166462
43.17772	26.546062	0.20441132
52.743443	17.902077	6.6763775
45.052434	32.186543	0.39670169
40.767649	36.49275	1.1323713
22.491827	36.3014	0.3897842
51.3787	11.243007	6.9381476
45.302	27.678428	0.2038021
43.870846	27.418277	0.075055913
57
62.214823	21.798465	0.78453113
52.490999	31.880561	0.78843561
46.043389	36.774767	6.325144
54.443483	8.5991987	6.3808779
34.241998	20.380497	0.63305121
45.517001	33.029238	0.49357003
47.448279	37.717378	6.5477523
54.179668	12.254252	6.7985494
55.203345	23.231879	6.6021776
53.03856	11.475281	6.9926967
53.701892	30.246801	0.55985197
51.73428	22.068875	0.50101814
55.173378	27.03556	0.24558558
54.444754	28.736605	0.11167334
54.31218	11.522379	0.55469313
55.067072	12.677074	6.7119514
54.812187	17.210437	0.068683803
54.328001	17.009836	6.5858573
53.72956	17.799572	0.34722562
50.401869	37.579994	0.89985149
41.839037	40.440583	0.48701384
51.745403	37.821055	0.83706098
53.884772	22.359657	0.43820934
54.274594	17.750869	0.21585003
54.847725	7.1598531	6.5191761
51.003206	16.731784	7.3261525
41.599156	27.955307	1.0804325
54.670365	11.912194	6.8955505
46.428047	36.670903	6.4036844
54.356359	17.115755	0.17953891
51.320007	16.573789	7.5098759
54.362231	28.750547	6.4240694
52.561148	16.188255	6.8953071
55.130445	16.826079	-0.01462623
54.55252	6.7063568	6.3596464
51.256871	17.683976	7.1351743
43.913151	26.517685	0.14684116
51.317795	17.288353	7.2876417
54.997034	18.165249	0.11220216
54.066704	17.556906	0.17493624
33.64613	36.761525	0.22055184
44.041033	32.618698	0.68896879
50.552399	36.724266	1.1878398
52.684586	21.710095	0.78857685
33.451611	30.71166	0.80560156
51.95962	37.486465	1.0029965
49.79463	16.362474	7.2572735
54.876945	7.4143863	6.2757191
53.5346	17.666775	6.5047923
54.147791	16.48751	0.11856616
54.383108	17.442197	-0.030572958
44.975081	26.963782	0.18828367
54.538995	32.250322	0.52853521
54.076868	26.554763	0.27487234
61.435373	22.713812	6.8740407
42.278183	27.63631	0.91355823
41.438475	31.301291	0.51145108
44.616146	27.713493	0.1239827
52.11878	22.56689	6.630603
50.500388	26.619611	1.0662615
44.674762	26.96931	0.20544614
53.482306	17.486194	0.12505826
58.178462	27.959882	6.523318
51.319198	16.991314	7.336056
51.240184	37.339692	0.85226191
54.035502	7.841331	6.4779619
52.062104	31.12374	6.7977282
41.346912	31.071687	6.7898415
51.179735	21.523519	0.26628593
45.557091	27.274309	0.19858864
46.261709	27.439109	-0.059771353
50.578332	25.855554	0.97591677
36.175815	48.737747	0.3430137
36.764194	37.399191	0.13340437
51.613023	27.480363	0.99489799
36.312209	47.307779	0.15582271
44.959961	17.211577	6.3005678
44.209364	36.53969	0.27799941
53.671277	32.162394	6.8216061
45.835561	27.17846	6.241033
53.85822	17.263084	6.3511867
55.390668	17.105895	0.13245393
22.608039	37.481866	0.67908335
52.056282	36.973479	7.1807428
45.495905	32.237098	0.58744815
45.428545	27.344725	-0.048753654
43.983702	46.386823	0.36403426
54.411499	18.4679	6.4266606
42.910451	32.340223	0.53307642
54.502464	7.2530748	0.15772654
43.545721	27.216419	0.30480516
45.091744	28.300681	0.073552691
44.163203	26.704663	0.15795095
53.718778	18.113765	6.5353437
45.955586	32.614993	0.4599993
41.408818	37.249124	0.7790156
23.454575	36.56619	0.1628199
52.206187	11.803622	6.9113465
46.275038	27.90067	0.25304811
44.864165	27.513084	0.045576313
58
62.93609	22.490211	0.65232516
53.221418	32.562414	0.67883854
47.041535	36.816186	6.4001804
55.417608	8.8147519	6.669589
34.966758	21.065575	0.88719427
46.410882	33.470238	0.58890844
48.429189	37.907133	6.5429336
55.044888	12.753012	6.7352106
56.132207	23.594357	6.723095
53.839789	12.071471	6.8860591
54.469778	30.882032	0.73200788
52.634719	22.499493	0.31448505
56.161198	27.187593	0.16249939
55.43223	28.885554	0.18880258
55.160826	12.048513	0.55902608
55.946922	13.150095	6.8013672
55.80263	17.324672	0.036234597
55.302879	17.223678	6.4673883
54.703726	18.010878	0.19559869
51.047829	38.339536	1.0159678
42.683998	40.970604	0.53283218
52.458386	38.517951	0.90321731
54.737215	22.876271	0.55626904
55.255679	17.936482	0.18463453
55.817964	7.3944	6.6401158
51.57256	17.549506	7.1535622
42.113855	28.810549	0.9927904
55.506277	12.451463	6.8237464
47.421114	36.770895	6.3395333
55.334952	17.311298	0.29307983
51.865649	17.407418	7.1520993
55.346771	28.915756	6.4867286
53.439075	16.630567	6.4837796
56.128197	16.785216	0.036289812
55.521574	6.9391318	6.43815
51.885191	18.459515	7.1076072
44.878502	26.771323	0.27726986
51.941536	18.068462	7.2007427
55.995058	18.194039	-0.08638245
55.052574	17.716159	0.2466784
34.620457	36.982303	0.30754667
44.876536	33.166409	0.47376523
51.000297	37.615996	1.1886834
53.441899	22.359792	0.55114893
34.226906	31.337946	0.66015962
52.605207	38.248077	0.84759898
50.347076	17.19512	7.2972514
55.8621	7.5207315	6.5786124
54.500638	17.920802	6.4085918
55.137003	16.621928	0.12440466
55.37223	17.547218	0.26830279
45.965359	27.094708	0.049382838
55.417714	32.723237	0.59949993
55.061316	26.724525	0.17172114
62.339215	23.138301	6.6084263
42.869651	28.440489	0.88951068
42.282761	31.833055	0.60867529
45.594452	27.916422	0.28036575
52.984032	23.061456	6.8580023
51.001986	27.484051	1.0921003
45.656166	27.157467	0.18275018
54.456026	17.697146	0.3459914
59.113382	28.307381	6.5083325
51.844543	17.841277	7.3234281
51.868673	38.115542	0.93167185
55.009801	8.0645914	6.4709923
52.905847	31.659304	6.9395878
42.247065	31.502238	6.7443808
52.134269	21.806133	0.39517734
46.547291	27.408042	0.11514629
47.254768	27.53089	-0.030410293
51.084489	26.716202	1.0670254
37.136728	49.007399	0.31831959
37.756208	37.520588	0.18005771
52.164166	28.313229	0.85507243
37.299307	47.459616	0.054832305
45.95039	17.337906	6.4061746
45.15036	36.874677	0.37862637
54.449323	32.788803	7.0315466
46.815155	27.33534	6.5570323
54.855485	17.210633	6.23451
56.3772	17.24596	0.073009525
23.31942	38.179013	0.97397814
52.609719	37.805154	7.1722965
46.36399	32.732005	0.5364929
46.422302	27.440703	0.097453969
44.915532	46.746799	0.33363717
55.404515	18.576901	6.4276258
43.745613	32.889046	0.57826215
55.473827	7.4784048	0.21801085
44.483925	27.553193	0.22713399
46.084019	28.414182	0.036774425
45.15488	26.828194	0.17719868
54.699532	18.301061	6.4556411
46.858112	33.042814	0.50714032
42.062015	38.004994	0.94927762
24.416827	36.834625	0.24765708
53.014478	12.390731	6.8182846
47.247856	28.124423	0.15286019
45.842216	27.708962	0.20857704
59
63.735238	23.088695	0.5161353
54.060008	33.105623	0.52906816
48.030614	36.958337	6.3953238
56.377566	9.0861809	6.5430636
35.682685	21.761661	0.8678489
47.261472	33.993301	0.43936209
49.398738	38.14536	6.4902674
55.883339	13.29288	6.9051522
56.994839	24.098449	6.7609435
54.670537	12.625436	6.7701498
55.273153	31.47508	0.64131686
53.533222	22.935551	0.54764985
57.152351	27.311555	0.081995185
56.394744	29.147313	0.34036748
55.968728	12.633499	0.64580792
56.789924	13.684625	6.7532955
56.798764	17.405738	0.10887087
56.235553	17.578717	6.5828197
55.696737	18.121137	0.11179318
51.546403	39.2047	0.96652775
43.562821	41.443308	0.44585655
53.108722	39.275169	0.99461506
55.562874	23.437487	0.63796464
56.210976	18.22817	0.25857247
56.780597	7.6591885	6.6078823
52.19752	18.326215	7.2046937
42.696272	29.622361	0.86417314
56.321016	13.029229	6.910302
48.408464	36.914209	6.4682503
56.317162	17.486596	0.13393559
52.48985	18.18681	7.2035955
56.32845	29.09915	6.5550302
54.407435	16.865534	6.6050345
57.116712	16.908863	-0.020265232
56.51028	7.0848375	6.3913476
52.490305	19.253291	7.2928914
45.830602	27.073593	0.26012536
52.528341	18.877457	7.1928341
56.976643	18.359533	0.23029094
55.998478	18.024494	0.3456612
35.577546	37.266027	0.22240797
45.70342	33.72681	0.60418293
51.484914	38.488682	1.0699791
54.312901	22.847857	0.51114025
35.009694	31.955958	0.77166744
53.249191	39.008935	1.0472328
50.845639	18.060401	7.1800141
56.803793	7.8529153	6.4559847
55.477746	18.124488	6.6393253
56.099993	16.88299	0.45750833
56.315647	17.863514	0.20508701
46.947429	27.262327	0.28700553
56.216609	33.32312	0.51404555
56.011869	27.024438	0.34385107
63.199482	23.64185	6.9016696
43.467372	29.237626	0.98704666
43.064863	32.452198	0.54625645
46.558912	28.178739	0.25665412
53.814199	23.616761	6.8948743
51.524702	28.334511	1.016582
46.632586	27.371152	0.15047466
55.389723	18.032519	0.058635005
60.092607	28.503171	6.4050175
52.328459	18.714903	7.2782254
52.358032	38.984618	0.9143975
55.986557	8.2666957	6.5800972
53.77797	32.127916	6.7193823
43.153147	31.922207	6.61256
53.079026	22.127712	0.33139363
47.542552	27.486678	-0.078760827
48.237793	27.681701	0.17262616
51.55993	27.592586	1.0664498
38.129434	49.085089	0.030724989
38.741722	37.686124	0.1791686
52.779294	29.100109	0.87488764
38.29013	47.576218	0.029565423
46.932189	17.513219	6.4042106
46.07585	37.251341	0.38459183
55.31015	33.288655	6.7444962
47.797303	27.507082	6.385951
55.835799	17.373257	6.7060403
57.367954	17.362256	0.24640342
23.914728	38.98045	0.81397045
53.234306	38.584429	7.0948504
47.239517	33.210939	0.50375508
47.420274	27.472419	0.10573091
45.867402	47.050123	0.34566441
56.365407	18.839932	6.6196664
44.566954	33.457952	0.69290123
56.448125	7.6972415	0.22974469
45.448849	27.808847	0.12708044
47.061924	28.59367	0.36821077
46.12774	27.052319	0.29817501
55.66538	18.549654	6.6258338
47.717792	33.548847	0.44232073
42.652193	38.811288	0.91507022
25.374187	37.109698	0.23930897
53.849691	12.936729	6.9360922
48.244265	28.197141	0.042998014
46.817895	27.924595	0.16021558
60
64.597159	23.594106	0.53271628
54.964997	33.526338	0.38835096
49.013104	37.139479	6.4528948
57.330671	9.385136	6.6127853
36.463329	22.377604	0.51963345
48.116625	34.500592	0.43889903
50.369468	38.379266	6.3968629
56.691014	13.881068	6.8939946
57.887666	24.54501	6.8285242
55.498178	13.183388	6.8648455
56.073418	32.071709	0.49360745
54.43793	23.359333	0.44013498
58.139701	27.464204	0.018445385
57.310808	29.542369	0.37656986
56.798968	13.185798	0.57090658
57.664065	14.167839	6.7126551
57.792718	17.499086	-0.024519549
57.191257	17.862808	6.5077133
56.675482	18.322169	0.14883134
52.116848	40.025164	0.92482527
44.490193	41.814482	0.33892757
53.663206	40.105925	1.0326
56.318801	24.090603	0.65175102
57.191702	18.417661	0.187055
57.74629	7.9061764	6.3949998
52.932562	19.00236	6.9931356
43.327926	30.396577	0.88656994
57.131215	13.612932	6.9980252
49.388964	37.105466	6.3610343
57.305769	17.618188	0.17056256
53.114906	18.965535	7.1497833
57.300228	29.330555	6.5444531
55.384523	17.04687	6.2590265
58.115266	16.947937	-0.00033587997
57.505245	7.1784499	6.3908165
53.031042	20.093092	7.2181302
46.747536	27.466465	0.38051124
53.26559	19.545755	7.070681
57.944212	18.608956	0.20105171
56.948208	18.336217	0.29884109
36.546158	37.497482	0.12272877
46.508335	34.317229	0.63535225
52.016243	39.334713	0.9014604
55.237152	23.221634	0.42201612
35.721514	32.654508	0.63057792
53.878707	39.784297	0.8807496
51.439003	18.864395	7.1401673
57.76988	8.1063534	6.5659398
56.434843	18.398244	6.5663972
57.033334	17.23817	0.38917798
57.254065	18.202025	0.4585531
47.926739	27.428836	0.085635303
57.067475	33.845684	0.5703792
56.984352	27.233637	0.064150593
64.061733	24.143292	6.8385831
44.041933	30.053949	0.96952711
43.929208	32.952485	0.61964719
47.541453	28.361351	0.18996451
54.648252	24.167128	6.8913706
52.115026	29.140602	0.90530598
47.594288	27.640036	0.30091191
56.381792	18.144908	0.08630157
61.057046	28.757791	6.4523747
52.97925	19.47236	7.1142025
53.016308	39.736423	0.89767863
56.936683	8.5772347	6.5753626
54.702131	32.506824	6.6933349
44.076921	32.297313	6.6879469
53.96691	22.584563	0.47425742
48.537555	27.533507	0.021804642
49.211141	27.906344	0.13505414
52.124039	28.415393	1.0240597
39.120469	49.21402	0.162784
39.720713	37.884651	0.060869274
53.44381	29.844654	1.0336308
39.283467	47.665547	0.034482788
47.927734	17.598769	6.3638965
47.009671	37.599966	0.2907091
56.168742	33.793404	7.0367361
48.777571	27.694485	6.3657929
56.76615	17.723975	6.4206233
58.363603	17.43234	0.10768685
24.62168	39.68435	0.73839108
53.884183	39.342475	7.0109901
48.122669	33.674873	0.35305393
48.411827	27.595018	0.14773178
46.821811	47.345877	0.29187584
57.314054	19.151214	6.5065146
45.361634	34.059498	0.62626306
57.43721	7.8333359	0.068877925
46.420535	28.033247	0.18690296
48.032214	28.819928	0.058849538
47.079076	27.352214	0.1609053
56.6328	18.799688	6.5652304
48.590615	34.027207	0.35099105
43.314995	39.557258	0.78370752
26.358138	37.277745	0.028690858
54.674101	13.501128	6.841552
49.233047	28.322731	-0.0094752232
47.812808	28.017219	0.043007936
