100
1
1
1
0	10
0	10
20
28.314479	7.626618	0.27912832
18.799286	17.262866	0.31940978
16.020779	17.280769	6.6735082
19.458315	-2.7754905	6.563827
-0.18634086	7.5243043	0.22977285
12.435606	17.093174	0.44361771
17.211645	17.174246	6.6230694
20.342329	-2.2798135	6.7469141
21.690743	8.3449586	6.723032
19.036935	-2.5534283	6.7660331
19.098115	17.670425	0.30753315
17.903733	7.8369927	0.49759557
19.698592	17.633631	0.32386251
19.499503	17.755818	0.27782082
20.181925	-2.2303094	0.33262799
21.235716	-1.6716052	6.532999
19.452101	7.4270791	0.34538923
19.015273	6.9871763	6.3468426
18.52492	7.3245041	0.39226219
19.899142	18.077222	0.40541603
7.8549698	26.867303	0.35845899
20.772551	18.906442	0.5655863
20.086362	7.8079048	0.25563028
19.050976	7.2468245	0.35222108
19.516486	-2.6158171	6.7629036
20.037225	-1.8991259	6.5782321
10.725467	8.9155015	0.46950401
20.662358	-2.1863473	6.5125302
16.407702	16.687777	6.8514071
18.896024	7.2034911	0.28536469
20.30066	-2.0676424	6.6838016
19.376394	17.215179	6.6910471
20.681312	-1.2839586	6.6821023
19.600889	7.4120536	0.32983252
19.016129	-2.8553772	6.6715168
20.610807	-1.4198229	6.6442409
8.6381062	16.603847	0.07825507
20.297542	-1.4471682	6.7082707
19.897297	7.5629091	0.29766992
18.873224	7.2042476	0.27377818
10.570242	9.7772386	0.69613389
10.415872	17.963309	0.26244616
19.846627	17.706982	0.33985746
18.667161	7.7940938	0.23949704
-0.67922286	17.183105	0.25540348
20.808514	18.914954	0.61003405
18.620622	-1.7238301	6.5991904
19.636169	-2.7958105	6.4529305
18.445301	6.8563577	6.4943748
19.086578	6.68057	0.2339919
19.191239	7.3458435	0.21129641
9.6714434	17.064355	0.049766689
20.595517	18.21637	0.30094671
18.650609	17.032724	0.30007912
27.944626	7.8017967	6.7764754
10.93926	9.1716006	0.52284717
7.8013442	16.701133	0.36179951
9.4785737	16.987208	0.2834059
18.599179	7.5902021	6.8706004
19.730203	7.8425447	0.32565347
9.3922354	16.805022	0.26285354
18.283639	7.1552124	0.27738963
25.774763	14.647568	6.9232662
20.327223	-1.7648695	6.5172849
20.130888	18.761539	0.41291306
18.768088	-2.6127847	6.7132083
18.139901	17.222516	6.7206706
7.5185302	17.04901	6.6617734
17.426659	7.5660435	0.38692556
10.16932	17.508563	0.16336682
11.159963	17.115794	0.82226759
19.454455	7.6252649	0.25936892
6.8370879	27.60541	0.6039202
6.6869905	17.222237	0.50246026
20.50698	8.7361915	0.29387198
6.4833273	27.423415	0.68462739
9.5076846	7.5200844	6.519793
21.020989	10.139048	0.44482161
19.864018	17.637088	6.5199687
10.695101	16.653902	7.0672477
18.620408	7.3960102	6.3916804
19.976493	7.4803139	0.13621563
0.36607163	9.3416471	0.46013462
20.818032	18.585164	6.662968
11.859693	17.464339	0.46661973
10.133436	17.779891	0.33833562
21.250962	19.734311	0.59606803
19.295866	7.6237106	6.6263888
9.16533	17.701366	0.19633603
19.18033	-2.6386188	0.30326569
8.3426054	16.608569	0.32535662
10.064915	17.277791	0.30501621
9.1833613	16.207387	0.13335388
18.565787	7.287967	6.6279122
14.210559	15.600462	0.86583885
10.476871	18.390299	0.24586065
0.41883212	9.7991659	0.51087166
18.266088	-2.2183447	6.5975544
11.420832	16.571622	0.85949328
9.7501472	16.713217	0.26326123
21
29.269067	7.9201744	0.34160074
19.724957	17.637649	0.50059222
16.907729	17.737815	6.8418491
20.418185	-2.4970165	6.4948668
0.79028128	7.7354848	0.1342517
13.30304	17.58545	0.65562852
18.081459	17.664247	6.8262396
21.275176	-1.9226883	6.5485197
22.621619	8.7044494	6.586939
19.975626	-2.2134764	6.4949303
20.047045	17.982269	0.37071221
18.78956	8.2981389	0.48406698
20.661652	17.897467	0.17037806
20.488191	17.88464	0.16456871
21.136238	-1.9334279	0.30312823
22.201167	-1.4168159	6.4907242
20.397435	7.7508379	0.24221895
19.970917	7.2695051	6.4914225
19.469858	7.6388561	0.32224224
20.81349	18.48009	0.43900048
8.7508156	27.310057	0.45137573
21.584229	19.485932	0.4406934
21.058053	8.0366958	0.21784251
20.014847	7.5074976	0.32101089
20.465752	-2.3129527	6.4719617
21.002641	-1.645705	6.6911833
11.618937	9.3618784	0.4575723
21.651125	-2.0411774	6.4704599
17.25052	17.221935	6.8214108
19.830421	7.5561703	0.32191784
21.246704	-1.7484279	6.594069
20.301744	17.591986	6.68298
21.636013	-0.99204926	6.5695746
20.570274	7.6417852	0.070510659
19.944366	-2.4880457	6.5306409
21.56941	-1.1425456	6.5500231
9.5904411	16.895998	0.3238621
21.215416	-1.0547767	6.5878967
20.825109	7.9340733	0.33642049
19.855787	7.3826839	0.22617506
11.425853	10.291339	0.50230338
11.397463	18.147829	0.23478548
20.824794	17.895935	0.33062502
19.63484	8.0441053	0.20323811
0.25181311	17.542419	0.38064736
21.676365	19.408871	0.55282071
19.524909	-1.3018814	6.7382627
20.612286	-2.5922854	6.4988192
19.394413	7.1629396	6.7127845
20.049638	6.9472647	0.29929475
20.144556	7.6439002	0.21677431
10.66387	17.177138	0.21637882
21.573988	18.41653	0.16768869
19.612242	17.300414	0.29621927
28.837093	8.2476058	6.7514473
11.813129	9.655236	0.46027394
8.7251277	17.081434	0.3257375
10.44831	17.223119	0.25318028
19.4282	8.1479579	6.9152992
20.69554	8.0997695	0.36376131
10.374579	16.982978	0.14721482
19.204893	7.5367681	0.48283751
26.708573	14.955902	6.5436439
21.273993	-1.4474684	6.4534223
21.059556	19.130323	0.43526875
19.702427	-2.2583862	6.7328941
19.067492	17.585864	6.6626917
8.420621	17.472123	6.8414562
18.323984	8.0007477	0.40641026
11.14797	17.699863	0.38465516
12.000122	17.649765	0.34247835
20.382624	7.9930934	0.2942386
7.6646251	28.165267	0.57388431
7.5690606	17.690735	0.48628691
21.448743	9.0692992	0.28577136
7.2470611	28.057293	0.56736577
10.45432	7.8397129	6.5324629
21.89133	10.628726	0.58221613
20.833583	17.871477	6.434869
11.571192	17.120086	6.5598772
19.582471	7.6443586	6.5852486
20.950766	7.6995895	0.27716395
1.1875692	9.9088608	0.63592788
21.72468	18.999555	6.7129622
12.722819	17.965251	0.43096614
11.093937	18.047573	0.13796283
22.056046	20.323103	0.58714852
20.260845	7.8824819	6.585559
10.128615	17.948514	0.40278735
20.128917	-2.3252062	0.28546411
9.2759899	16.961123	0.47267773
10.985251	17.662955	0.36393321
10.137176	16.49604	0.24343264
19.530108	7.5428547	6.68612
14.642402	16.490914	1.3035539
11.430521	18.674462	0.37451694
1.2059094	10.410036	0.55353215
19.217036	-1.9113632	6.5517584
12.204753	17.17946	0.50203133
10.718429	16.960476	0.29012981
22
30.197818	8.2896128	0.3994876
20.619762	18.082809	0.49187161
17.77989	18.22407	6.8644985
21.379625	-2.2236042	6.5271301
1.7680751	7.9329231	0.27175921
14.184247	18.04401	0.48411164
18.867357	18.280024	6.9058005
22.231138	-1.6306706	6.5652253
23.565323	9.0313316	6.5865472
20.925879	-1.906791	6.7485801
20.995007	18.295054	0.41165934
19.698706	8.7053315	0.25419975
21.637959	18.108384	0.1564217
21.467301	18.070509	0.17260053
22.090513	-1.6382669	0.30972965
23.149925	-1.1143588	6.5198394
21.376148	7.9383254	0.35334959
20.950141	7.4530693	6.3405241
20.415605	7.9587142	0.21171442
21.718708	18.89341	0.52987222
9.6783076	27.681861	0.43278666
22.458184	19.967483	0.31032194
22.029222	8.270156	0.18840998
20.952251	7.8516428	0.37633983
21.395004	-1.9521229	6.594536
21.931153	-1.2771318	6.7118392
12.54073	9.7477178	0.35188843
22.619789	-1.8019654	6.6815585
18.136448	17.681701	6.7257776
20.777791	7.8688353	0.14234364
22.215804	-1.5049136	6.4869555
21.259691	17.873653	6.4789822
22.592486	-0.7079587	6.5278332
21.533832	7.9022197	0.26317651
20.913568	-2.2553764	6.6701126
22.524934	-0.8572043	6.4913146
10.551196	17.167725	0.37363653
22.163294	-0.73982906	6.5264874
21.769761	8.2578074	0.2381132
20.845393	7.5162939	0.071281663
12.31143	10.749934	0.52833351
12.377789	18.330353	0.26355812
21.752456	18.265698	0.48353781
20.586547	8.3452971	0.34914946
1.2148388	17.803648	0.26891909
22.56899	19.851378	0.28065081
20.411924	-0.84259612	6.7872581
21.559384	-2.2754342	6.7047636
20.31886	7.5363489	6.7547561
21.017106	7.1880324	0.21264963
21.12124	7.8404112	0.43807099
11.617585	17.473391	0.36635861
22.556677	18.587318	0.21390594
20.545332	17.653796	0.40316641
29.767761	8.6055241	6.6483639
12.768605	9.9404357	0.25173396
9.6212876	17.509317	0.6167553
11.419331	17.448491	0.44255428
20.348486	8.5318369	6.5939914
21.637995	8.4327242	0.31684045
11.324264	17.274179	0.23316216
20.107772	7.965146	0.42331359
27.683727	15.163809	6.6306016
22.2124	-1.1103489	6.67379
21.975222	19.529688	0.46176877
20.630309	-1.8897354	6.4837797
19.969308	18.01325	6.8361247
9.2804645	17.979013	6.7740862
19.218391	8.4437097	0.41591
12.077295	18.067261	0.42264516
12.97494	17.854192	0.24693785
21.321026	8.3303297	0.51323926
8.4358471	28.790793	0.78199057
8.463385	18.136791	0.49798149
22.374991	9.441393	0.31130254
8.0920812	28.587536	0.45827315
11.417652	8.1053153	6.6029686
22.776124	11.081534	0.51972083
21.78276	18.169037	6.546854
12.500236	17.483635	6.7350457
20.513375	8.0008488	6.4970287
21.925834	7.9101394	0.13611036
2.0467285	10.415348	0.55150333
22.661494	19.34629	6.5480327
13.644208	18.35116	0.3337024
12.085185	18.139603	-0.078892174
22.912448	20.837065	0.43407448
21.232148	8.1053798	6.3755558
11.05152	18.331062	0.32308302
21.098849	-2.089806	0.22742219
10.201685	17.335879	0.2444355
11.945217	17.938731	0.23588322
11.095537	16.779305	0.28507689
20.482767	7.8437917	6.5814425
14.836459	17.468985	1.1693452
12.354278	19.054355	0.26585714
2.0968348	10.860417	0.34139372
20.15083	-1.5739204	6.6942685
13.132498	17.545939	0.35944298
11.644946	17.326953	0.46936932
23
31.13764	8.6254324	0.27312166
21.535377	18.475121	0.3273618
18.507167	18.904717	7.0351538
22.296841	-1.8377965	6.765947
2.7126196	8.2591387	0.32420814
15.023712	18.583298	0.64897946
19.719689	18.800934	6.9616313
23.175447	-1.3057989	6.5575681
24.534166	9.2744186	6.5445153
21.868684	-1.5762502	6.548231
21.91895	18.672977	0.41999026
20.617422	9.0815933	0.50897162
22.585634	18.414521	0.34119791
22.419263	18.348523	0.47973807
23.049711	-1.3577794	0.26952267
24.093264	-0.78552508	6.6758582
22.355379	8.1301198	0.2124941
21.930428	7.6432837	6.5118782
21.37776	8.2173527	0.47814558
22.615434	19.333018	0.31802534
10.590325	28.089434	0.46432664
23.420562	20.234818	0.34155139
22.976991	8.5808443	0.30661448
21.891284	8.1915234	0.37720015
22.3116	-1.5603607	6.5863326
22.850209	-0.89404576	6.554327
13.492	10.05434	0.29931779
23.551132	-1.4427265	6.7336851
18.969848	18.225048	7.0784214
21.760889	8.0418148	0.23857014
23.182945	-1.2535933	6.58523
22.211403	18.176048	6.5422701
23.575644	-0.52880035	6.4644604
22.474064	8.2310544	0.2955129
21.844885	-1.8931899	6.6071978
23.461189	-0.51955435	6.5478834
11.522691	17.382976	0.13729695
23.126288	-0.47484848	6.5530518
22.719988	8.5662905	0.24515659
21.821957	7.7117019	0.13376187
13.19431	11.21752	0.56796283
13.336516	18.606025	0.40360539
22.651	18.700809	0.43673001
21.502828	8.7439867	0.41262197
2.1802491	18.062025	0.2543153
23.511015	20.184546	0.39469183
21.324298	-0.43571633	6.6150705
22.508174	-1.9655018	6.7067956
21.264058	7.8574672	6.5309511
22.007899	7.2862976	0.16114379
22.061146	8.1656546	0.20673708
12.592082	17.691963	0.22895671
23.497278	18.918369	0.25395593
21.426305	18.121049	0.34362799
30.622467	9.1181378	6.9188265
13.719323	10.247533	0.33306609
10.446535	18.072047	0.61809716
12.352174	17.804317	0.40107947
21.273223	8.9065091	6.7357998
22.543596	8.8468772	0.27774609
12.292052	17.522322	0.28883991
21.07121	8.2280507	0.31847486
28.674426	15.162847	6.2169422
23.121567	-0.69598534	6.6112234
22.912494	19.86794	0.30874889
21.597939	-1.6574441	6.5555115
20.868344	18.449921	6.7249085
10.165797	18.44258	6.7668194
20.078214	8.9497026	0.47329362
12.997999	18.455484	0.30399303
13.940842	18.105379	0.2725296
22.247039	8.7015987	0.32732143
9.1756258	29.458906	0.62295716
9.2828994	18.707484	0.60139442
23.3179	9.7647783	0.2875103
8.9465322	29.103737	0.61573226
12.317447	8.5368262	6.8328637
23.664436	11.539345	0.47034713
22.710145	18.535154	6.684604
13.440772	17.821092	6.6087105
21.496845	8.1764776	6.5306762
22.898998	8.1325564	0.38551441
2.9240059	10.892069	0.3819929
23.610008	19.657712	6.4210373
14.619407	18.555131	0.40559061
13.066996	18.303749	0.26501764
23.83712	21.210817	0.31059454
22.188875	8.3812302	6.6739027
11.997957	18.64871	0.25339762
22.044062	-1.7722017	0.39159499
11.174683	17.563789	0.24275837
12.865105	18.323565	0.40003924
12.051047	17.071217	0.34920379
21.395296	8.2438115	6.7626547
15.49266	18.207564	0.54451128
13.313728	19.325849	0.43989465
3.0257773	11.220488	0.6313235
21.077638	-1.2029768	6.7456247
14.07671	17.869228	0.20521825
12.546527	17.753972	0.46677623
24
32.076566	8.9647727	0.39455733
22.469494	18.826712	0.29200729
19.343911	19.442517	6.7458484
23.22482	-1.4775896	6.7735329
3.6529104	8.5978337	0.36897611
15.832628	19.1688	0.70004587
20.566713	19.319993	6.6561874
24.102824	-0.93665582	6.6608035
25.471357	9.6168516	6.6479022
22.810025	-1.2439766	6.6988951
22.875295	18.952148	0.2679108
21.494681	9.5591163	0.49698226
23.498087	18.819053	0.41425123
23.310463	18.801034	0.35530831
23.983915	-1.0070501	0.30084087
25.048318	-0.50070174	6.6177444
23.301741	8.4457347	0.4405221
22.845259	8.0391568	6.6811017
22.279678	8.6448246	0.36529704
23.519081	19.755978	0.53809259
11.527472	28.433187	0.3913949
24.356284	20.58144	0.26260427
23.89547	8.9657105	0.58118351
22.867576	8.3919332	0.08037176
23.233527	-1.1791122	6.5769583
23.742148	-0.45466575	6.8823236
14.467514	10.267706	0.26822739
24.466941	-1.0427543	6.6694999
19.775701	18.806588	6.7122556
22.682809	8.4227845	0.46897335
24.092654	-0.84930583	6.6924012
23.145881	18.52615	6.6140426
24.541082	-0.27099195	6.6044431
23.400717	8.6003094	0.40412752
22.790699	-1.5710386	6.5191215
24.364414	-0.10010921	6.8245768
12.496311	17.601823	0.26526091
24.093445	-0.22249068	6.4866675
23.681395	8.8381184	0.27335928
22.768518	8.0111991	0.35411706
14.011066	11.793237	0.63611849
14.282768	18.923842	0.26257029
23.538612	19.160225	0.45891523
22.429351	9.1176667	0.33253308
3.0930761	18.464708	0.49529261
24.450095	20.52291	0.3607084
22.246352	-0.053477206	6.8019417
23.456249	-1.6551759	6.6511037
22.21554	8.1596094	6.6999027
22.961529	7.5795549	0.3334102
23.009043	8.4823091	0.40580105
13.523335	18.047256	0.43953478
24.458185	19.193663	0.31793536
22.368702	18.429077	0.065888459
31.529901	9.5309033	6.7467091
14.644686	10.624291	0.42421457
11.36036	18.469802	0.36639263
13.275803	18.178865	0.52243703
22.1755	9.3339271	6.6936056
23.476388	9.2032015	0.45199658
13.240555	17.837345	0.40356271
21.997015	8.6009472	0.42182911
29.646805	14.940842	6.0410513
24.075407	-0.40273996	6.5002291
23.845125	20.211976	0.18343947
22.552985	-1.3645209	6.6192275
21.721481	18.967783	6.8931529
11.017531	18.962324	6.8458594
20.953022	9.426844	0.61796367
13.929621	18.814246	0.4165615
14.892789	18.407868	0.26891118
23.202241	8.994962	0.32207444
10.019977	29.991342	0.4280763
10.099499	19.283167	0.73774886
24.247732	10.127197	0.42071955
9.7745124	29.661912	0.56451608
13.249051	8.8663192	6.4537594
24.522516	12.051758	0.57000013
23.657018	18.847617	6.6270899
14.367642	18.193533	6.6691965
22.45194	8.4691949	6.6874693
23.821591	8.5127898	0.26610807
3.7744308	11.413407	0.61953598
24.574205	19.912185	6.5883717
15.537784	18.949169	0.43631019
13.958294	18.74997	0.38383295
24.722161	21.671421	0.50532775
23.117358	8.7490233	6.5321414
12.936742	18.968929	0.52943967
22.909195	-1.2752292	0.41999839
12.123958	17.874544	0.35512559
13.756642	18.769781	0.53994979
12.993418	17.398313	0.43254203
22.326994	8.604391	6.6869725
16.339306	18.737066	0.60651021
14.231255	19.720335	0.49070409
3.8570088	11.769205	0.59967095
21.974511	-0.76346376	6.6235635
15.047185	18.104342	0.30324269
13.427435	18.223461	0.58900304
25
32.993428	9.3611287	0.47462577
23.432297	19.087427	0.15715598
20.219	19.918952	6.6674482
24.112554	-1.0201242	6.7363651
4.5770655	8.9763052	0.44309778
16.730262	19.599641	0.42880487
21.422496	19.828799	6.8646185
25.001516	-0.50242182	6.7043784
26.379047	10.034634	6.6841457
23.703345	-0.79760103	6.7580829
23.806763	19.313034	0.40583263
22.388071	10.002728	0.296756
24.456203	19.083241	0.13357198
24.232668	19.18452	0.41001356
24.920552	-0.65950998	0.3333295
25.994222	-0.1802811	6.6945427
24.237291	8.7943812	0.31733879
23.766477	8.4257418	6.76331
23.261554	8.8242313	0.19819209
24.410824	20.203692	0.50427562
12.460914	28.780956	0.48664006
25.283537	20.951288	0.40497728
24.794227	9.398287	0.44437281
23.814273	8.6982388	0.43905076
24.223493	-1.0616855	6.4170783
24.61134	0.036231864	6.7383748
15.410113	10.591909	0.36961721
25.38754	-0.65453593	6.6659177
20.641677	19.301483	6.7667442
23.627681	8.7375645	0.22386769
25.010922	-0.45557813	6.6791447
24.057907	18.933018	6.6877307
25.459822	0.1148515	6.6751621
24.354771	8.8912874	0.17608544
23.751935	-1.2988164	6.5214741
25.248858	0.35821776	6.7508321
13.430691	17.95034	0.31687964
25.034977	0.10747903	6.7644148
24.624025	9.1690667	0.30538549
23.675624	8.4269796	0.46280634
14.84258	12.346385	0.48345958
15.16739	19.380494	0.38655493
24.423123	19.620542	0.50709976
23.375201	9.4402874	0.27909476
4.0131396	18.853373	0.37028968
25.391128	20.857498	0.21773997
23.139875	0.39131604	6.576406
24.379656	-1.2742583	6.7558884
23.142254	8.5313859	6.6782388
23.885566	7.9557489	0.48506175
23.928894	8.8676927	0.2609255
14.438006	18.449307	0.36737626
25.37892	19.580806	0.44747637
23.347739	18.625131	0.27256249
32.424276	9.9729659	6.6998031
15.554849	11.0347	0.47437024
12.306209	18.792551	0.32095369
14.216483	18.500996	0.30111174
23.104158	9.6995968	6.643593
24.376109	9.6381195	0.39726449
14.146547	18.257291	0.3539473
22.897281	9.0332339	0.30087298
30.616023	14.741977	6.3681978
25.021497	-0.093783707	6.5975304
24.809396	20.469127	0.28558232
23.506868	-1.0670145	6.7210774
22.630491	19.379725	6.6639112
11.878492	19.465414	6.7097397
21.806805	9.9460075	0.57747398
14.882204	19.11637	0.31428148
15.86252	18.643363	0.38074812
24.14344	9.3197665	0.44547984
10.910467	30.442491	0.48141926
10.937253	19.824432	0.56897567
25.157539	10.533727	0.47865312
10.661883	30.120032	0.41646074
14.210305	9.1299556	6.4075125
25.374162	12.574622	0.45314825
24.567688	19.257262	6.7246379
15.287894	18.582361	6.6592497
23.408045	8.7556428	6.516362
24.752209	8.8743306	0.3782285
4.5431487	12.050789	0.68779155
25.502574	20.274522	6.8165268
16.458423	19.336199	0.42143619
14.882895	19.12956	0.33621956
25.578954	22.18476	0.55443052
24.026502	9.1575674	6.6508679
13.833301	19.406488	0.48281471
23.812153	-0.85196754	0.28021551
13.051224	18.245517	0.35554007
14.671532	19.169861	0.48319972
13.896843	17.819932	0.48433176
23.25347	8.974131	6.6047737
17.214069	19.219353	0.53966634
15.109757	20.191744	0.38579111
4.7265319	12.260426	0.48990472
22.897409	-0.380795	6.6184128
15.989002	18.429233	0.45363379
14.322087	18.648526	0.22830275
26
33.902327	9.7735173	0.51367001
24.384034	19.387134	0.30564492
21.089871	20.400761	6.9658265
25.021102	-0.60344417	6.6821986
5.5106272	9.3334885	0.39140753
17.617127	20.051738	0.62712004
22.22973	20.415778	7.0176828
25.908259	-0.082201186	6.6571989
27.28845	10.444223	6.6510791
24.584084	-0.32567355	6.7026538
24.762032	19.606678	0.32238042
23.341421	10.302893	0.34068504
25.435881	19.279976	0.21982317
25.167916	19.533597	0.2147459
25.840813	-0.28473585	0.60266694
26.888863	0.26231399	6.7545862
25.16712	9.1498825	0.14619162
24.684193	8.8179246	6.6541955
24.206726	9.1428438	0.48244537
25.274096	20.705928	0.46204201
13.324479	29.281701	0.39835092
26.202223	21.339903	0.34719322
25.729987	9.7455772	0.3348016
24.74047	9.0705265	0.31658461
25.199737	-0.85628879	6.6078615
25.56033	0.34382148	6.4958197
16.289742	11.062332	0.34937249
26.320556	-0.30034839	6.6614639
21.452241	19.880703	6.9763488
24.568628	9.0683722	0.4109174
25.879561	0.022767344	6.8632991
24.976672	19.324837	6.6023784
26.395845	0.46277233	6.6919374
25.306159	9.1844625	0.33248712
24.711849	-1.0252587	6.6099953
26.100391	0.87438889	6.8895397
14.390313	18.228545	0.32333939
25.914139	0.5782068	6.7198573
25.578955	9.4628136	0.38687824
24.578426	8.855604	0.44508694
15.714636	12.831517	0.60306133
16.085636	19.772709	0.33399275
25.348864	19.979102	0.18029427
24.31897	9.7684397	0.35542108
4.8972979	19.315667	0.38718063
26.356741	21.113192	0.36238695
24.098426	0.67389937	6.5796046
25.300429	-0.88904	6.5630889
24.09362	8.8351447	6.5228895
24.79632	8.3587699	0.2824954
24.897127	9.112178	0.15276607
15.389358	18.754429	0.25729417
26.276606	20.014775	0.38279179
24.331559	18.795666	0.19639851
33.381311	10.244482	6.553714
16.47533	11.414061	0.23412047
13.244484	19.134598	0.41815164
15.178883	18.769924	0.34230382
24.036414	10.059457	6.6180397
25.244546	10.13041	0.50915242
15.055171	18.671713	0.32824863
23.851966	9.3230909	0.34331007
31.609119	14.848919	6.3063183
25.944841	0.28489489	6.7214064
25.720279	20.87556	0.38767859
24.408579	-0.63743511	6.657375
23.604621	19.598651	6.5673325
12.799021	19.848789	6.4349192
22.654252	10.473565	0.55804002
15.839928	19.400356	0.30931585
16.820447	18.913479	0.21975432
25.051439	9.7363286	0.45041436
11.778373	30.936015	0.47410122
11.737146	20.420045	0.6992376
26.058824	10.962229	0.46790162
11.56075	30.554038	0.61069395
15.182507	9.3516741	6.5821117
26.257852	13.038511	0.50982259
25.496411	19.621708	6.5486127
16.231625	18.903745	6.7544569
24.386188	8.9586759	6.5113573
25.666153	9.2780453	0.32946113
5.4039292	12.556136	0.6350061
26.377443	20.757431	6.7465372
17.367346	19.750436	0.50946529
15.847921	19.381423	0.16074392
26.467531	22.639975	0.49158653
24.981095	9.4445134	6.4686136
14.753357	19.795044	0.43196402
24.795672	-0.67969407	0.18043221
13.978848	18.604413	0.19758759
15.55067	19.64381	0.36671219
14.821363	18.195766	0.30386375
24.169523	9.3698891	6.8241805
18.086713	19.704786	0.37979941
15.960335	20.709568	0.64044837
5.5219578	12.862949	0.57072633
23.826176	-0.01368563	6.7205838
16.923391	18.775669	0.36260615
15.262304	18.981189	0.25493806
27
34.800803	10.210521	0.55257888
25.286552	19.807984	0.55205009
21.917898	20.959606	6.876754
25.942257	-0.21845481	6.5980764
6.4354914	9.7085998	0.35957393
18.512845	20.485781	0.47115958
23.024983	21.018673	6.9037564
26.823341	0.31459394	6.6844646
28.245798	10.730806	6.64303
25.522207	0.01710879	6.7019173
25.6783	20.004981	0.32744557
24.279584	10.64718	0.29224549
26.389249	19.568298	0.48242518
26.134686	19.784001	0.32434028
26.680149	0.25486216	0.43766701
27.816839	0.63182261	6.6591457
26.138409	9.3845729	0.26549476
25.612655	9.1842461	6.7360985
25.086093	9.6145801	0.53905803
26.206509	21.064212	0.3881023
14.289174	29.530738	0.30247162
27.147213	21.662945	0.38835841
26.643708	10.14874	0.28416004
25.691197	9.3771349	0.38898672
26.133122	-0.50747708	6.7167441
26.503113	0.66377106	6.7653489
17.14877	11.566351	0.64676891
27.257848	0.042308112	6.7525582
22.256653	20.472929	6.9110223
25.485799	9.4628364	0.34210193
26.760262	0.49294142	6.9703087
25.907063	19.681209	6.6258684
27.290914	0.90716292	6.7941329
26.277674	9.410583	0.18801348
25.656256	-0.69994791	6.5372285
26.963864	1.3740399	6.658708
15.360917	18.465706	0.2485359
26.800534	1.0385901	6.7986625
26.551435	9.678579	0.36262438
25.510766	9.2145347	0.33266234
16.535506	13.401662	0.54113566
16.991802	20.183645	0.56627315
26.285121	20.315501	0.58538057
25.199601	10.238635	0.55925516
5.8039462	19.73045	0.51388613
27.267225	21.520767	0.55302851
25.030799	1.0337206	6.6430453
26.266289	-0.63766506	6.4917195
25.062603	9.0771032	6.6454263
25.761955	8.6142802	0.22108388
25.88831	9.2399865	0.1448663
16.341779	19.056327	0.36363147
27.202919	20.389069	0.40550322
25.288287	19.079231	0.4162341
34.316841	10.594305	6.7410169
17.437624	11.678014	0.46997777
14.184539	19.471571	0.34424087
16.116318	19.116443	0.30451684
25.000455	10.313706	6.3883284
26.125301	10.598537	0.45750468
16.001007	18.993598	0.37482985
24.787283	9.6728489	0.25848995
32.596471	14.703134	6.0506709
26.785214	0.82077731	6.8348918
26.65359	21.228843	0.35618509
25.364782	-0.3497637	6.6424669
24.560892	19.886769	6.5898005
13.772445	20.069575	6.6695669
23.583324	10.833976	0.28030105
16.792941	19.699384	0.4443723
17.778334	19.198572	0.21980149
25.96778	10.13381	0.32996861
12.533258	31.583575	0.74471428
12.552999	20.995856	0.57930544
26.969512	11.368468	0.5374539
12.343974	31.170087	0.67324879
16.130675	9.6630237	6.5199496
27.08377	13.600045	0.6426268
26.452452	19.911875	6.6210711
17.168562	19.243356	6.4646823
25.342319	9.2487866	6.4927853
26.604205	9.6165681	0.37836488
6.2447703	13.09394	0.57341002
27.249195	21.244756	6.7350399
18.220524	20.270481	0.51960053
16.834699	19.537247	0.19972768
27.309589	23.175865	0.71344945
25.943891	9.7111132	6.6120338
15.702019	20.107412	0.28064628
25.738201	-0.34825724	0.34620037
14.936987	18.884634	0.41023379
16.50645	19.934562	0.31170227
15.781829	18.467041	0.29381634
25.097578	9.7375173	6.7190859
18.988592	20.135642	0.46405622
16.882952	21.07299	0.28107147
6.3834038	13.369688	0.46573483
24.756007	0.35301874	6.6870656
17.843871	19.161709	0.41032855
16.218873	19.264422	0.25068894
28
35.664513	10.713307	0.42239329
26.154858	20.302663	0.46521892
22.766292	21.487109	6.8909199
26.844266	0.20722902	6.9018465
7.3301835	10.150569	0.57592985
19.41879	20.901779	0.55318563
23.895509	21.50473	6.8033948
27.744608	0.69886581	6.5805386
29.16986	11.108664	6.7060831
26.468194	0.33669907	6.5800578
26.597204	20.396038	0.38307893
25.25325	10.865028	0.080636032
27.314334	19.946268	0.38365915
27.066467	20.142456	0.42101429
27.595712	0.65291742	0.40905466
28.716706	1.0650946	6.746139
27.086652	9.6925421	0.23670693
26.539282	9.5557103	6.6383467
25.999014	10.015153	0.39160023
27.14595	21.39747	0.49294757
15.197865	29.936186	0.38469218
28.092898	21.979368	0.44211829
27.575642	10.503335	0.39157319
26.620506	9.7416124	0.37938907
27.033634	-0.077237767	6.8476769
27.416187	1.0638776	6.6082713
17.975271	12.126116	0.54780226
28.152868	0.4758246	6.6893622
23.087267	21.022642	6.7725064
26.417614	9.8196326	0.4683334
27.655241	0.93041632	6.6016664
26.838468	20.039608	6.6985719
28.154325	1.4001157	6.6251082
27.263251	9.5714709	0.23549625
26.565728	-0.29281098	6.6236988
27.876662	1.7778673	6.6237381
16.288644	18.832633	0.4096936
27.717859	1.4337635	6.7046871
27.512347	9.9489704	0.14714651
26.456488	9.5352812	0.41348117
17.338499	13.991713	0.79713026
17.890979	20.618851	0.32651113
27.155686	20.804021	0.59764851
26.092457	10.684544	0.31757142
6.7321953	20.092468	0.36209083
28.179237	21.927251	0.38698504
25.966652	1.3835522	6.6274479
27.208101	-0.32865213	6.7883775
25.978764	9.4755716	6.5790145
26.728769	8.861785	0.25736044
26.844362	9.5150104	0.43992713
17.292497	19.362989	0.23314284
28.137176	20.739794	0.45878226
26.233021	19.40438	0.34117941
35.273875	10.874875	6.4069448
18.319174	12.146089	0.4318595
15.101499	19.865131	0.45460135
17.039094	19.499362	0.47594175
25.959011	10.584922	6.6399882
27.029893	11.023009	0.50003538
16.933634	19.352476	0.36597057
25.716986	10.02781	0.52258749
33.576722	14.753944	6.4797862
27.650581	1.3204052	6.8328133
27.573444	21.617068	0.43738516
26.282222	0.047192796	6.6668531
25.489309	20.255999	6.7618344
14.724521	20.369495	6.5646867
24.549258	11.084344	0.2739781
17.718382	20.076196	0.36602038
18.713173	19.547834	0.24896636
26.89209	10.510086	0.4475946
13.331958	32.1823	0.69088812
13.39743	21.530701	0.58327768
27.838936	11.860092	0.37887874
13.142381	31.770009	0.51451757
17.071346	9.9974668	6.6078014
27.804627	14.289578	0.8650001
27.335884	20.377759	6.8534371
18.082228	19.629205	6.7915467
26.335786	9.3525138	6.3993506
27.527308	9.9899157	0.29901066
7.025529	13.713162	0.85676065
28.105961	21.758218	6.7136502
19.115894	20.714069	0.47819564
17.773494	19.876739	0.3385624
28.017802	23.880126	0.82191314
26.899046	10.004021	6.6133419
16.654671	20.409144	0.30005923
26.65111	0.052943692	0.40443968
15.820939	19.347446	0.38679552
17.443256	20.279068	0.23383741
16.743405	18.739529	0.32437313
26.025468	10.106313	6.6351954
19.902191	20.539362	0.4618591
17.815908	21.430067	0.46047585
7.1729444	13.979173	0.74092435
25.679993	0.73255048	6.5707977
18.759428	19.560522	0.38252361
17.135625	19.657257	0.4175821
29
36.57255	11.128718	0.30938589
27.07663	20.6889	0.37438043
23.577382	22.0703	6.8490814
27.726333	0.67193434	6.7094886
8.1958313	10.647612	0.61666193
20.294208	21.381203	0.37008177
24.747025	22.02711	6.833443
28.665737	1.0819669	6.7145876
30.053787	11.57441	6.6928008
27.401574	0.69035339	6.5970339
27.545133	20.710607	0.3279323
26.219298	11.115354	0.36967964
28.257625	20.274524	0.30084575
27.956978	20.59391	0.5044575
28.503423	1.0690285	0.43115395
29.607554	1.5155861	6.6316848
28.04962	9.9602794	0.2905737
27.396538	10.066549	6.7613934
26.962278	10.278422	0.24436407
28.01907	21.881093	0.40972579
16.117733	30.324477	0.47207355
29.018159	22.354553	0.50960496
28.486229	10.913273	0.44919569
27.505377	10.204966	0.43299771
27.925802	0.37023294	6.7984239
28.352026	1.4062717	6.6743915
18.862572	12.58414	0.37117056
29.054498	0.90697569	6.714777
23.921383	21.569525	6.8935515
27.355341	10.160045	0.3030056
28.594874	1.2681746	6.6566512
27.774723	20.386268	6.6824101
29.081093	1.7721556	6.715177
28.206129	9.8934762	0.19665499
27.513412	0.024457488	6.5677357
28.788172	2.1853268	6.7853786
17.185752	19.271843	0.41344176
28.620861	1.8620176	6.691081
28.437696	10.318501	0.41427441
27.3403	9.9921876	0.51208346
18.01769	14.724222	0.80632346
18.800578	21.032162	0.42337617
28.048905	21.249429	0.47828688
27.043928	10.987586	0.32820703
7.6542813	20.472134	0.48871127
29.100974	22.306685	0.56016696
26.907255	1.7210291	6.5294
28.062815	0.18788334	6.6611633
26.909651	9.8364474	6.7905006
27.639068	9.2695233	0.618117
27.720332	9.986347	0.36988139
18.226672	19.708795	0.48238264
29.017848	21.211359	0.34607209
27.120283	19.859166	0.50837676
36.219844	11.189702	6.679794
19.209001	12.594543	0.5184126
15.974629	20.347396	0.38488611
17.939871	19.932548	0.42512079
26.880311	10.969814	6.6884583
27.934872	11.445293	0.45362729
17.85466	19.740735	0.33672195
26.582657	10.508747	0.18904263
34.570239	14.842536	6.2402227
28.490717	1.8604335	6.7850131
28.418566	22.146609	0.40782042
27.20774	0.41886707	6.734111
26.424118	20.584691	6.5791974
15.688416	20.632752	6.4893856
25.529383	11.275198	0.21098956
18.669081	20.381454	0.14366624
19.633448	19.929554	0.39546497
27.781935	10.960648	0.47481792
14.190869	32.687692	0.49901739
14.23354	22.078093	0.58827839
28.749809	12.270126	0.38287763
13.97457	32.319686	0.48394983
18.001845	10.356539	6.5984848
28.417064	15.078936	0.94964185
28.27446	20.706991	6.5449148
18.998855	20.021916	6.6319821
27.27621	9.6737304	6.8694596
28.466417	10.326394	0.48255374
7.6842075	14.464627	0.76883699
29.019586	22.161489	6.6018057
20.023598	21.128883	0.41518377
18.737109	20.137748	0.33870556
28.671116	24.634677	0.95773046
27.797354	10.435288	6.786332
17.585645	20.770869	0.5001186
27.571152	0.44149587	0.40253375
16.733781	19.750509	0.2687183
18.38255	20.608775	0.51524645
17.669065	19.113522	0.46658063
26.940047	10.504214	6.782697
20.789371	20.993563	0.35939482
18.714586	21.866782	0.42045731
7.8580806	14.700098	0.8030403
26.612496	1.0860368	6.7296487
19.705679	19.880715	0.31510011
18.046619	20.067589	0.36192031
30
37.517684	11.452004	0.34624802
28.032412	20.977308	0.24580966
24.359246	22.692252	6.943608
28.627236	1.1039624	6.7422061
9.1109162	11.036373	0.27725978
21.189501	21.812532	0.33482208
25.56022	22.606394	6.7835818
29.576266	1.4937135	6.665105
30.982921	11.93942	6.7120162
28.310703	1.1012784	6.7168952
28.487532	21.040593	0.23138449
27.184669	11.37242	0.26203053
29.181474	20.654502	0.26667756
28.81619	21.102355	0.47951539
29.433605	1.426232	0.33312114
30.543217	1.8652512	6.5596391
29.007906	10.240589	0.17277442
28.290268	10.508484	6.6767764
27.907056	10.603664	0.27156686
28.938643	22.272069	0.37403469
17.06241	30.639462	0.20798
29.897367	22.828482	0.54520898
29.355418	11.405125	0.42464088
28.44472	10.54426	0.32767514
28.830068	0.78878013	6.5718164
29.321638	1.6465271	6.5013114
19.786251	12.965417	0.39067329
29.96925	1.3078004	6.7743854
24.724532	22.163178	6.8056753
28.311193	10.445592	0.32213306
29.511558	1.6656534	6.6940405
28.711231	20.733735	6.662171
30.01388	2.1205693	6.4789993
29.165636	10.172437	0.25441962
28.47576	0.29383376	6.5740577
29.663733	2.6661863	6.7209157
18.028065	19.806128	0.53614878
29.585719	2.1083076	6.5894007
29.349685	10.726778	0.3628245
28.229277	10.449232	0.45141004
18.698044	15.44991	0.6797649
19.71178	21.441797	0.3926044
28.942954	21.695407	0.37079968
28.018578	11.199954	0.2558006
8.532139	20.94706	0.37839112
30.020818	22.695719	0.39022651
27.858322	2.0276862	6.5316852
28.957032	0.6328974	6.764676
27.818721	10.240513	6.6905333
28.507741	9.7619108	0.53750915
28.594093	10.467871	0.61322919
19.154732	20.063085	0.28297759
29.953818	21.556173	0.33321277
28.049195	20.213903	0.22187643
37.170652	11.490152	6.6003326
20.097832	13.048614	0.48358232
16.905964	20.7085	0.44817273
18.876911	20.28005	0.36421991
27.804748	11.348561	6.7252447
28.851973	11.842062	0.39499917
18.747103	20.188601	0.49275763
27.558836	10.720141	0.1823198
35.568578	14.84932	6.1640944
29.424284	2.2148337	6.6139567
29.356148	22.49198	0.40399733
28.102767	0.86398179	6.7171611
27.388225	20.845952	6.567107
16.652592	20.885431	6.5391329
26.463302	11.627967	0.35351422
19.634323	20.62951	0.22824319
20.528043	20.373392	0.35765204
28.691278	11.371035	0.50766206
15.013981	33.25436	0.67060276
15.043583	22.662661	0.50037633
29.687793	12.610154	0.55239444
14.822743	32.844833	0.50668129
18.960621	10.637805	6.560842
29.020923	15.871828	0.83972896
29.221162	21.017732	6.8176188
19.912778	20.423018	6.5838066
28.144094	10.15694	6.5587097
29.417994	10.627148	0.33676508
8.4033217	15.156554	0.71035337
29.948544	22.526789	6.5271943
20.94991	21.497373	0.22821432
19.674089	20.484702	0.37313787
29.275287	25.430685	0.88833997
28.690615	10.879665	6.6199544
18.471575	21.227992	0.45523563
28.526405	0.73154362	0.21894198
17.668047	20.09924	0.3141778
19.308226	20.975439	0.19385192
18.561732	19.558492	0.32238059
27.862976	10.886315	6.6813482
21.698249	21.397186	0.2431559
19.648925	22.218228	0.30525436
8.6015485	15.365802	0.57776511
27.530313	1.4812492	6.657981
20.629702	20.253356	0.242509
19.003215	20.356127	0.23876272
