1000	1.0	1.0	0.20	8.0
-1.0	-0.9	-0.8	-0.7	-0.6	-0.5	-0.4	-0.3	-0.2	-0.1	0.0	0.1	0.2	0.3	0.4	0.5	0.6	0.7	0.8	0.9	1.0	
0.08002786819825677	0.0920749197646665	0.10711733180103403	0.12816694998494613	0.18280705674902492	0.2757512469921152	0.38931889497282934	0.518584148745373	0.5893247027417343	0.6513467617219281	0.6988408827060162	0.7448742001197621	0.7720795910511923	0.8054251524545519	0.830973282177457	0.8550882363910693	0.8762009582614834	0.888497209842366	0.9051131200964049	0.9169953013114416	0.9275065113030694	
1000	2.0	1.0	0.20	8.0
-1.0	-0.9	-0.8	-0.7	-0.6	-0.5	-0.4	-0.3	-0.2	-0.1	0.0	0.1	0.2	0.3	0.4	0.5	0.6	0.7	0.8	0.9	1.0	
0.05721548986794174	0.06371134557235923	0.07203571537107735	0.08457101016000204	0.11541398476652232	0.15784376082747495	0.25936575171894743	0.4352707613623955	0.5492655530374876	0.6297923100784952	0.6978269435993147	0.7469948136693262	0.7930737604523578	0.8348994309396444	0.8668334964838058	0.892838819999192	0.9179412676559604	0.9350007674652744	0.9505208893067664	0.9596625911421558	0.9673991880764194	
1000	3.0	1.0	0.20	8.0
-1.0	-0.9	-0.8	-0.7	-0.6	-0.5	-0.4	-0.3	-0.2	-0.1	0.0	0.1	0.2	0.3	0.4	0.5	0.6	0.7	0.8	0.9	1.0	
0.03646556004963311	0.040693133615512786	0.04560706469260273	0.05341349402670785	0.062385142693088945	0.08083890977318313	0.12422430845228141	0.22421494162029704	0.4233043932027929	0.5528000820196847	0.6451114645259676	0.7216113586660429	0.7809541749975034	0.8327926019994629	0.8732946004866756	0.9086789747768638	0.9324660424550931	0.9522513854481552	0.9640060897211506	0.97193762506949	0.9781327747865618	
1000	4.0	1.0	0.20	8.0
-1.0	-0.9	-0.8	-0.7	-0.6	-0.5	-0.4	-0.3	-0.2	-0.1	0.0	0.1	0.2	0.3	0.4	0.5	0.6	0.7	0.8	0.9	1.0	
0.027688019616007496	0.03155223883320293	0.03349607358840004	0.03812649194378276	0.04297750131685496	0.055336839771153966	0.07009721919273244	0.10213896686169761	0.2230247084107868	0.4490516792297085	0.583960371492345	0.685637356986916	0.7642993330888485	0.827337658697996	0.8795942753037631	0.9153387149623438	0.9433766090974374	0.9610562518065244	0.9731075848444574	0.9789223036359651	0.9832090582422193	
1000	5.0	1.0	0.20	8.0
-1.0	-0.9	-0.8	-0.7	-0.6	-0.5	-0.4	-0.3	-0.2	-0.1	0.0	0.1	0.2	0.3	0.4	0.5	0.6	0.7	0.8	0.9	1.0	
0.022356562342276773	0.025120999382256336	0.02654767842828525	0.030079325409981462	0.03136762085589307	0.03894076399378042	0.04544147543172378	0.05931595079690497	0.09632812159767853	0.30233016411029867	0.5061990369099209	0.6409295570298175	0.7429349571270407	0.819364331023395	0.8807287435591327	0.9222305998173441	0.9511459574477058	0.9680069282709847	0.9769868473971457	0.9824685446082579	0.9858001148613267	
1000	10.0	1.0	0.20	8.0
-1.0	-0.9	-0.8	-0.7	-0.6	-0.5	-0.4	-0.3	-0.2	-0.1	0.0	0.1	0.2	0.3	0.4	0.5	0.6	0.7	0.8	0.9	1.0	
0.012066572725317342	0.012409279291771488	0.01424280988379246	0.013856983036293583	0.016795568481167127	0.01744607287940205	0.01920827005993965	0.025307311056066362	0.02795068255561608	0.03899630926867701	0.06889698555609966	0.2415356435618042	0.5085169212963011	0.6875597827320814	0.8182921971080838	0.9037635949771865	0.9521303038920648	0.9730991995613012	0.9816789039906583	0.9855391789500055	0.9879288068846817	
1000	15.0	1.0	0.20	8.0
-1.0	-0.9	-0.8	-0.7	-0.6	-0.5	-0.4	-0.3	-0.2	-0.1	0.0	0.1	0.2	0.3	0.4	0.5	0.6	0.7	0.8	0.9	1.0	
0.009086840908481818	0.009763345323961985	0.010990287894237916	0.0121707943508972	0.010814994297727093	0.01297051669381608	0.014437282924913966	0.015379467417589918	0.019545557019202704	0.024413132255714086	0.031217681096880612	0.04245170439451027	0.10617924752523526	0.3968329399565499	0.6608154010887234	0.8155628796554846	0.9107947142992344	0.9598081968123235	0.9775528367730854	0.9839289248006734	0.9870419214438018	
1000	20.0	1.0	0.20	8.0
-1.0	-0.9	-0.8	-0.7	-0.6	-0.5	-0.4	-0.3	-0.2	-0.1	0.0	0.1	0.2	0.3	0.4	0.5	0.6	0.7	0.8	0.9	1.0	
0.007464903545234726	0.008794695644556143	0.008996803704767171	0.009080219906900742	0.011048085778577533	0.011411101943642527	0.01310711391610363	0.015160210622589782	0.017582709111498434	0.020974014319917043	0.029158363311816808	0.044211358704652315	0.08589628812572969	0.29414846319149185	0.6529493236046647	0.8188062397215102	0.916796758217582	0.9650388909955195	0.9799492864844334	0.9852423231933208	0.987771519783674	
1000	30.0	1.0	0.20	8.0
-1.0	-0.9	-0.8	-0.7	-0.6	-0.5	-0.4	-0.3	-0.2	-0.1	0.0	0.1	0.2	0.3	0.4	0.5	0.6	0.7	0.8	0.9	1.0	
0.007493056974630601	0.008024551348532515	0.008913291543432521	0.008920631172874985	0.010738542997119698	0.009897639233171154	0.0139800665200269	0.015550831996573788	0.01653333808164343	0.023119741114920198	0.023843276507285453	0.04018486642479502	0.08901055264420107	0.28446009635690017	0.6494975117816949	0.8167977847344303	0.9165632125111254	0.9650937879833078	0.9799854665332445	0.9851821454605268	0.9878066569707707	
