90000	1.0	0.1	0.20	8.0
-1.0	-0.9	-0.8	-0.7	-0.6	-0.5	-0.4	-0.3	-0.2	-0.1	0.0	0.1	0.2	0.3	0.4	0.5	0.6	0.7	0.8	0.9	1.0	
0.009448960341082066	0.009466935344296604	0.010363703363438668	0.01128436063493912	0.012582999804656667	0.012194931213420046	0.016283987385555396	0.016734076889118075	0.029060812636513184	0.07198592730846436	0.2837582826869306	0.3866974747888006	0.4552363391351836	0.5152473892896103	0.5501975759245387	0.5934934368176468	0.5930073481831734	0.650981740789998	0.6623862179710217	0.6975625362678703	0.7145113001241359	
90000	1.0	0.2	0.20	8.0
-1.0	-0.9	-0.8	-0.7	-0.6	-0.5	-0.4	-0.3	-0.2	-0.1	0.0	0.1	0.2	0.3	0.4	0.5	0.6	0.7	0.8	0.9	1.0	
0.010368885544071943	0.011173210852540708	0.011328163555113928	0.014038899287599974	0.018112583896478497	0.02370517804946396	0.047922540026839835	0.2760033573610059	0.41092155918738227	0.4845783565137151	0.551509111388541	0.6066695738133991	0.6438783137684413	0.6759277189323193	0.7060200750566795	0.7302798004418041	0.7522457780202674	0.7694357572222226	0.7873872396523718	0.7996329081374554	0.813803981687844	
90000	1.0	0.5	0.20	8.0
-1.0	-0.9	-0.8	-0.7	-0.6	-0.5	-0.4	-0.3	-0.2	-0.1	0.0	0.1	0.2	0.3	0.4	0.5	0.6	0.7	0.8	0.9	1.0	
0.010106182627505577	0.011271098703494629	0.014773527830575884	0.01885857977717183	0.02555420725340129	0.12477950416578523	0.397217116689528	0.5046291553437543	0.5775590719712793	0.630475293526953	0.6773837734735251	0.7131917815104881	0.7445446198281219	0.7694917836381445	0.7936827596356153	0.8154280250502284	0.8326417321989613	0.8460482880780451	0.8645908837124181	0.8661463543381839	0.8758941676440123	
90000	1.0	1.0	0.20	8.0
-1.0	-0.9	-0.8	-0.7	-0.6	-0.5	-0.4	-0.3	-0.2	-0.1	0.0	0.1	0.2	0.3	0.4	0.5	0.6	0.7	0.8	0.9	1.0	
0.009409763723325418	0.011056611971746254	0.01283284497845046	0.016219101054559166	0.025624653961659673	0.1495605615243893	0.34330517850898157	0.5062561247851317	0.583205859325824	0.6365603561274079	0.677820256138853	0.7493487484892525	0.7837251458861241	0.8074600007611052	0.8363836120138505	0.8597977025148443	0.8786820553013597	0.8931520490685468	0.9064844923314503	0.9178683690791754	0.9262481209721776	
90000	1.0	2.0	0.20	8.0
-1.0	-0.9	-0.8	-0.7	-0.6	-0.5	-0.4	-0.3	-0.2	-0.1	0.0	0.1	0.2	0.3	0.4	0.5	0.6	0.7	0.8	0.9	1.0	
0.0071351214665052775	0.00807588522900718	0.009387320855351008	0.011987046629189538	0.016846353758693686	0.03976691950598833	0.34706328342213666	0.49015772553156856	0.5851153895021131	0.6706060720491345	0.7258515299256415	0.7703815258560491	0.8089691013470652	0.8401659629307814	0.8694938086756334	0.8908495234375197	0.9106125452941596	0.9258058910775235	0.9369862526686786	0.9450294899834055	0.9517590088343024	
90000	1.0	3.0	0.20	8.0
-1.0	-0.9	-0.8	-0.7	-0.6	-0.5	-0.4	-0.3	-0.2	-0.1	0.0	0.1	0.2	0.3	0.4	0.5	0.6	0.7	0.8	0.9	1.0	
0.0055694850868413855	0.006494504299655303	0.0076052544579925845	0.009009535766481053	0.01204939177556762	0.019653938808745643	0.23749706091810582	0.44444243024192626	0.5661098014984858	0.6593748066074392	0.7048765754967186	0.7734679776831039	0.8166720907178192	0.8529217264618246	0.8835931735417504	0.9064743336374163	0.9240876702162645	0.9389067886920872	0.9483475212778559	0.9549917730716249	0.9621916126147518	
90000	1.0	4.0	0.20	8.0
-1.0	-0.9	-0.8	-0.7	-0.6	-0.5	-0.4	-0.3	-0.2	-0.1	0.0	0.1	0.2	0.3	0.4	0.5	0.6	0.7	0.8	0.9	1.0	
0.004897263936515676	0.00530325266501622	0.0060901151535749055	0.007297662104941432	0.008407418798426347	0.013155326965777116	0.052312361002497254	0.39005097931467236	0.5315829915280965	0.6387439581291542	0.7187783899475397	0.7762206387823036	0.8236078528233376	0.8623657944922462	0.8946860492823425	0.9175335861891742	0.9335550405239808	0.9465796719876751	0.956887491489488	0.9640666090855271	0.9680445042987286	
90000	1.0	10.0	0.20	8.0
-1.0	-0.9	-0.8	-0.7	-0.6	-0.5	-0.4	-0.3	-0.2	-0.1	0.0	0.1	0.2	0.3	0.4	0.5	0.6	0.7	0.8	0.9	1.0	
0.002796251743449337	0.0029719849664703235	0.0032555470495742047	0.003975055439117297	0.004205382103195274	0.005183700247882816	0.006804807085628202	0.009945489215218742	0.268489779743425	0.5358136655745874	0.6815206192429729	0.7794160410230533	0.8485714060773232	0.8966387309540467	0.9283823398551181	0.9490501944309184	0.9614789270333155	0.9688083844899789	0.9719299488993474	0.9784978426218763	0.9804531880005336	
