10000	2.0	0.20	1.0
-1.0	-0.5	0.0	0.5	1.0	1.5	2.0	2.5	3.0	3.5	4.0	4.5	5.0	
0.005932002142790585	0.00795966964391066	0.020145233756193516	0.8633938967348878	0.9240059516915523	0.9408524027212993	0.9505353032683184	0.9569134419295555	0.9612469930884712	0.9629254261765607	0.9670721531932874	0.9712997859069654	0.970488460842937	
10000	2.0	0.20	2.0
-1.0	-0.5	0.0	0.5	1.0	1.5	2.0	2.5	3.0	3.5	4.0	4.5	5.0	
0.00865918448470806	0.011972544593490921	0.026360827924710506	0.7380348814507718	0.88956844824534	0.929333357450234	0.9468894715635168	0.955344564957684	0.9609481075148706	0.9604646200731382	0.966418368617079	0.9695872631874589	0.9725253323372408	
10000	2.0	0.20	3.0
-1.0	-0.5	0.0	0.5	1.0	1.5	2.0	2.5	3.0	3.5	4.0	4.5	5.0	
0.011394436654890143	0.015526678860029265	0.02864279960016641	0.5663174184870029	0.8264548407056562	0.9043526350829066	0.9344869587563741	0.9484154768419378	0.9566032560649119	0.9598027557267755	0.9644834382333487	0.9688817042972678	0.9703294191834438	
10000	2.0	0.20	4.0
-1.0	-0.5	0.0	0.5	1.0	1.5	2.0	2.5	3.0	3.5	4.0	4.5	5.0	
0.013338809425436485	0.018207298319611005	0.0276911491993696	0.2563737435137752	0.7344580978579585	0.8589840977066898	0.9134649148818418	0.9402869260986263	0.9514007577165763	0.9581939722862198	0.9647350071846741	0.9675868820774026	0.9668121784428723	
10000	2.0	0.20	5.0
-1.0	-0.5	0.0	0.5	1.0	1.5	2.0	2.5	3.0	3.5	4.0	4.5	5.0	
0.01546588552766867	0.02015746368144146	0.028605801635177203	0.07490409242583562	0.6303610133244659	0.7990620594539634	0.8774261339678635	0.9193881593791943	0.9410390693317278	0.952496653878419	0.9592411892811917	0.9647751186142833	0.9685962460776115	
10000	2.0	0.20	6.0
-1.0	-0.5	0.0	0.5	1.0	1.5	2.0	2.5	3.0	3.5	4.0	4.5	5.0	
0.017281014180028694	0.020848537513119117	0.02849562188807611	0.05262002404575591	0.4474327088815262	0.7253209271828949	0.8330016960933209	0.8910557434742579	0.922995432495624	0.9420566775399712	0.9531891668455689	0.9590339806650288	0.965214636313894	
10000	2.0	0.20	7.0
-1.0	-0.5	0.0	0.5	1.0	1.5	2.0	2.5	3.0	3.5	4.0	4.5	5.0	
0.01804731756796674	0.021628883770834467	0.02903465650248952	0.04317082154119173	0.13248369309672334	0.6350661180924785	0.7772151232972137	0.8522237198029984	0.8976344029784368	0.9271431398689712	0.9442097066581236	0.952212669192728	0.9624485870385221	
10000	2.0	0.20	8.0
-1.0	-0.5	0.0	0.5	1.0	1.5	2.0	2.5	3.0	3.5	4.0	4.5	5.0	
0.019791567015450408	0.023748324119009918	0.0269590097908723	0.03975324713153445	0.07963830659057475	0.473221460709829	0.7104840616326185	0.8081180938691598	0.8674842935344707	0.9066878785431499	0.9321838907457102	0.9453206462300742	0.9556908946096885	
