10000	2.0	0.20	8.0
-1.0	-0.5	0.0	0.5	1.0	1.5	2.0	2.5	3.0	3.5	4.0	4.5	5.0	
0.019791567015450408	0.023748324119009918	0.0269590097908723	0.03975324713153445	0.07963830659057475	0.473221460709829	0.7104840616326185	0.8081180938691598	0.8674842935344707	0.9066878785431499	0.9321838907457102	0.9453206462300742	0.9556908946096885	
10000	3.0	0.20	8.0
-1.0	-0.5	0.0	0.5	1.0	1.5	2.0	2.5	3.0	3.5	4.0	4.5	5.0	
0.02323961370652313	0.029804268636235882	0.04841778103581677	0.32540819169018176	0.7141277268899432	0.8293847186547098	0.8967462214261651	0.9342008944618835	0.9572257411095799	0.9675025165306963	0.9745629674309285	0.9785771877206682	0.9824251248793405	
10000	4.0	0.20	8.0
-1.0	-0.5	0.0	0.5	1.0	1.5	2.0	2.5	3.0	3.5	4.0	4.5	5.0	
0.021912281711440572	0.034552417929489446	0.10548863159656403	0.6790818170888805	0.8290148128254845	0.905632823179554	0.950348650776923	0.9679663650568937	0.9756521196545304	0.978566256267011	0.9822362302697029	0.98769814898419	0.9911310498203738	
10000	5.0	0.20	8.0
-1.0	-0.5	0.0	0.5	1.0	1.5	2.0	2.5	3.0	3.5	4.0	4.5	5.0	
0.022446654385754217	0.03905399264218792	0.33158312057362804	0.7571875512794309	0.8834877356132473	0.9463463907735911	0.9683596258187721	0.9792498483234683	0.9868707010712088	0.9836026842415324	0.9888883259384538	0.9913909613564112	0.9922378179050858	
