1000	rep	0.20	1.0
-0.5	-0.4	-0.3	-0.2	-0.1	0.0	0.1	0.2	0.3	0.4	0.5	0.6	0.7	0.8	0.9	1.0	
0.007542025072231	0.008509409971591294	0.009598105865134822	0.011430840432952201	0.014790750693610017	0.0277903423866389	0.834823261926815	0.9425204332572726	0.9640326500627746	0.9736808288286516	0.9792120944557003	0.9828090923079575	0.9853386899933814	0.9872158898837281	0.9886648464399042	0.9898174180992749	
1000	rep	    0.20	8.0
-1.0	-0.9	-0.8	-0.7	-0.6	-0.5	-0.4	-0.3	-0.2	-0.1	0.0	0.1	0.2	0.3	0.4	0.5	0.6	0.7	0.8	0.9	1.0	1.1	1.2	1.3	1.4	1.5	1.6	1.7	1.8	1.9	2.0	
0.008303788989384178	0.008211980267928477	0.007599389707671372	0.008758568329443703	0.009132445616804895	0.010277619137920187	0.013624123752657586	0.014455051499509729	0.01588242753387481	0.02004913328905138	0.03061298797164937	0.03522241301239961	0.09244391319527923	0.3332773880542077	0.6480442241371369	0.8166217536410555	0.917114200008191	0.9648286193347263	0.9798019559931865	0.9852002431188291	0.9877876234810601	0.9894244501821263	0.9905841546328762	0.9914801108807034	0.9922044103400826	0.9928059021617086	0.9933153097821624	0.9937533770726572	0.9941347850692022	0.9944702937122272	0.9947680091609029	
1000	norep	0.20	1.0
-0.5	-0.4	-0.3	-0.2	-0.1	0.0	0.1	0.2	0.3	0.4	0.5	0.6	0.7	0.8	0.9	1.0	
0.007510690855436472	0.008622472128862234	0.010285104440853714	0.011181850372147986	0.01522287370857879	0.026984328463462652	0.8341897111202424	0.9424040244723042	0.9639977377446398	0.9736730180306145	0.9792157886704747	0.9828181251584747	0.9853500086698357	0.9872279175267042	0.9886767940419894	0.9898289176691595	
1000	norep	0.20	8.0
-0.2	-0.1	0.0	0.1	0.2	0.3	0.4	0.5	0.6	0.7	0.8	
0.01591846500273162	0.019961230997481285	0.031012027189510884	0.0350566394864086	0.09131024224578455	0.32834585574378455	0.6457937082569526	0.81566363421638	0.9165487814739807	0.9646564520004842	0.9797656367417377	
