10000	1.0	1.0	0.20	1.0_Kn-8.0
-1.0	-0.9	-0.8	-0.7	-0.6	-0.5	-0.4	-0.3	-0.2	-0.1	0.0	0.1	0.2	0.3	0.4	0.5	0.6	0.7	0.8	0.9	1.0	
0.0028097357372522283	0.0030927764003516245	0.0029615883442936065	0.0030357165411252435	0.003309598041614171	0.0032656512250225887	0.0037485418436518465	0.0043936715145379	0.005525350081471676	0.00890385822435883	0.6525431190262024	0.8753685456488423	0.9160441350637605	0.9324763129021572	0.9419558388646185	0.9471883760326983	0.952299375390834	0.9551295374545556	0.9581958717297381	0.9605973831346672	0.9628958980507647	
10000	1.0	1.0	0.20	2.0_Kn-8.0
-1.0	-0.9	-0.8	-0.7	-0.6	-0.5	-0.4	-0.3	-0.2	-0.1	0.0	0.1	0.2	0.3	0.4	0.5	0.6	0.7	0.8	0.9	1.0	
0.004055814104751528	0.004104622382965826	0.0045822911211468205	0.0050920017071162844	0.0056256903074692055	0.006596301485755443	0.009196881331594466	0.014270991905827493	0.37314704100899865	0.7333075795167148	0.8412531591312196	0.8879898913546974	0.9128491620180638	0.9284790795285691	0.9383944615438281	0.9454280842725968	0.9507597502799076	0.9546640014028311	0.9567603167561322	0.9598004387323368	0.9618455560837214	
10000	1.0	1.0	0.20	3.0_Kn-8.0
-1.0	-0.9	-0.8	-0.7	-0.6	-0.5	-0.4	-0.3	-0.2	-0.1	0.0	0.1	0.2	0.3	0.4	0.5	0.6	0.7	0.8	0.9	1.0	
0.008151888896087787	0.009062364485219512	0.010790037359120715	0.013314227457901567	0.01641835112055042	0.02519865304800516	0.1871495618276206	0.578491789481889	0.7210777384209174	0.801297615256472	0.8493141095551909	0.8815583320764626	0.9043606971584561	0.9195574709511473	0.931605458203987	0.9397306618714089	0.9462628831635149	0.951030247137368	0.9542022295948127	0.9582370714258459	0.960290745236904	
10000	1.0	1.0	0.20	4.0_Kn-8.0
-1.0	-0.9	-0.8	-0.7	-0.6	-0.5	-0.4	-0.3	-0.2	-0.1	0.0	0.1	0.2	0.3	0.4	0.5	0.6	0.7	0.8	0.9	1.0	
0.014253081138352506	0.017903228227903044	0.02152105429108956	0.02670282514322498	0.04328328813344741	0.25349646944520654	0.5376767537586532	0.6624735405778802	0.7399144631615863	0.79400124257342	0.8340186639418953	0.8641617693287413	0.8876342344582705	0.9055443639281575	0.9197540337535675	0.9296764232176548	0.9383230971537186	0.9454965179209804	0.9496905249501003	0.9545767115857181	0.9576173108400396	
10000	1.0	1.0	0.20	5.0_Kn-8.0
-1.0	-0.9	-0.8	-0.7	-0.6	-0.5	-0.4	-0.3	-0.2	-0.1	0.0	0.1	0.2	0.3	0.4	0.5	0.6	0.7	0.8	0.9	1.0	
0.021592966194237128	0.022999609106248133	0.0282056738107336	0.04127065446133701	0.10926622290868089	0.4260140649952969	0.5712828824539212	0.6596441452122762	0.7249780734541514	0.7717776321141238	0.8093864897321976	0.8408133166844772	0.8671956581757607	0.8869234006996131	0.903733269326818	0.9167501825104274	0.9275656641217684	0.9360393073017912	0.9427307762367885	0.9485023678392915	0.9529051380601571	
10000	1.0	1.0	0.20	6.0_Kn-8.0
-1.0	-0.9	-0.8	-0.7	-0.6	-0.5	-0.4	-0.3	-0.2	-0.1	0.0	0.1	0.2	0.3	0.4	0.5	0.6	0.7	0.8	0.9	1.0	
0.026120281496955517	0.03024753521636154	0.03941139122459823	0.054577913723345604	0.16590493625305064	0.43973966328778075	0.5588906720657307	0.6405186158197396	0.696840843540319	0.7450170883608775	0.7837155439647466	0.8167733950213169	0.843320387223522	0.8663608128885665	0.884850898575124	0.9005553785197942	0.9138078898062316	0.9246011382899362	0.9330694986282326	0.9407525893275747	0.9460502552498726	
10000	1.0	1.0	0.20	7.0_Kn-8.0
-1.0	-0.9	-0.8	-0.7	-0.6	-0.5	-0.4	-0.3	-0.2	-0.1	0.0	0.1	0.2	0.3	0.4	0.5	0.6	0.7	0.8	0.9	1.0	
0.026934155691202145	0.03551115887081485	0.04423478409782601	0.06513993724942832	0.16076592540793683	0.41942534628273	0.5311988612802742	0.6097136003232163	0.6707157717551382	0.7163480316158023	0.7568647693869228	0.7894008808177899	0.8178007809709348	0.8426340193454671	0.8644194947338468	0.8826694351660793	0.8982869784490708	0.9106177158379951	0.922715864089833	0.9312357580851301	0.9381915250895254	
10000	1.0	1.0	0.20	8.0_Kn-8.0
-1.0	-0.9	-0.8	-0.7	-0.6	-0.5	-0.4	-0.3	-0.2	-0.1	0.0	0.1	0.2	0.3	0.4	0.5	0.6	0.7	0.8	0.9	1.0	
0.031120120152749387	0.03454830810749548	0.048010910611475346	0.0646865691619924	0.13748487591709532	0.38313733813881323	0.49898721589182105	0.5799843239455079	0.6406205247135432	0.6883281482397464	0.7284420873150413	0.763171946624819	0.7932854888683529	0.819705768980806	0.8432681032531001	0.8636176709753416	0.8816806765813782	0.8960194170831632	0.9090876089586784	0.9193485659962584	0.9296671416586877	
