1000	2.0	0.20	8.0
-1.0	-0.9	-0.8	-0.7	-0.6	-0.5	-0.4	-0.3	-0.2	-0.1	0.0	0.1	0.2	0.3	0.4	0.5	0.6	0.7	0.8	0.9	1.0	
0.05958235315170425	0.0635591936374283	0.06163833282471261	0.06518374450446432	0.07080255537800353	0.07276773581444407	0.07659651857832636	0.0776357815673588	0.07902409126159736	0.08344751545407872	0.08711046584036752	0.09394923325206582	0.09920819963225641	0.10944041713100776	0.11453952412636743	0.13228127750948276	0.1360521040898459	0.14411883047766416	0.1884294432172844	0.20214700061350288	0.23621761221489312	
1000	3.0	0.20	8.0
-1.0	-0.9	-0.8	-0.7	-0.6	-0.5	-0.4	-0.3	-0.2	-0.1	0.0	0.1	0.2	0.3	0.4	0.5	0.6	0.7	0.8	0.9	1.0	
0.07130615444949928	0.0735791068961032	0.07787287804418618	0.0811506307305328	0.08737027664348954	0.09173689054134726	0.09966236920578388	0.11970716837023192	0.11632337631572734	0.1337095148661117	0.1538962515728827	0.18843664852345246	0.21630601746386935	0.2693925315021529	0.3584726954770414	0.44373943483449585	0.5422446909107519	0.5896346054104239	0.6362604033020226	0.686376213498255	0.7252143946316334	
1000	4.0	0.20	8.0
-1.0	-0.9	-0.8	-0.7	-0.6	-0.5	-0.4	-0.3	-0.2	-0.1	0.0	0.1	0.2	0.3	0.4	0.5	0.6	0.7	0.8	0.9	1.0	
0.07135587944831981	0.07829785065424105	0.08120114004908416	0.09005736373853715	0.09693267993798756	0.10644104693855998	0.12298949663418493	0.14508091598941458	0.17093574247961635	0.19713401651899662	0.29731875375279027	0.3905768125632437	0.4854282315355355	0.5690342435757565	0.630886495389701	0.6835204492186315	0.7237638442043343	0.7562406758295055	0.7855974537122102	0.8113244769740792	0.8320686157059456	
1000	5.0	0.20	8.0
-1.0	-0.9	-0.8	-0.7	-0.6	-0.5	-0.4	-0.3	-0.2	-0.1	0.0	0.1	0.2	0.3	0.4	0.5	0.6	0.7	0.8	0.9	1.0	
0.06622422800433599	0.07172381186879714	0.07752872185683146	0.08576931567308248	0.0970902445620289	0.12454858196181766	0.1306283233824531	0.16998132851964393	0.23159824991293684	0.3521400149346517	0.44032318457181807	0.5465436676870095	0.6175170892032451	0.6740933047647697	0.7161484733258419	0.75458637381566	0.7821630512909783	0.8134119907797258	0.8376459843179024	0.860759261224905	0.8823844439675655	
1000	8.0	0.20	8.0
-1.0	-0.9	-0.8	-0.7	-0.6	-0.5	-0.4	-0.3	-0.2	-0.1	0.0	0.1	0.2	0.3	0.4	0.5	0.6	0.7	0.8	0.9	1.0	
0.0462939579966941	0.050105878808969065	0.0570233548965008	0.06179779972090199	0.07567898966057278	0.09239435366913447	0.11589090044964309	0.1796425020182643	0.31234390347441915	0.46730651066574636	0.5697285714662056	0.6416819314017876	0.6963138812674817	0.7459826439159772	0.7871167634555547	0.8220819673808595	0.8558470219109736	0.8859423717770474	0.9076004223271672	0.9300013720046658	0.9443512565956393	
1000	10.0	0.20	8.0
-1.0	-0.9	-0.8	-0.7	-0.6	-0.5	-0.4	-0.3	-0.2	-0.1	0.0	0.1	0.2	0.3	0.4	0.5	0.6	0.7	0.8	0.9	1.0	
0.0351755438929835	0.0419512566455557	0.04579361583923457	0.052740221333056614	0.06264811096260005	0.07027778695900538	0.09543063284021194	0.1447732985973745	0.2915510084143394	0.45279756007225946	0.5628884957102357	0.6404163454444287	0.7055821235726316	0.7605392622487525	0.8069478762747873	0.8485724374752619	0.8852280438049707	0.9111214666961839	0.935219934118385	0.9521082118050973	0.9635534603937457	
1000	15.0	0.20	8.0
-1.0	-0.9	-0.8	-0.7	-0.6	-0.5	-0.4	-0.3	-0.2	-0.1	0.0	0.1	0.2	0.3	0.4	0.5	0.6	0.7	0.8	0.9	1.0	
0.024347293579178385	0.02548988183314807	0.028933285620532583	0.032875010462924695	0.03691253734391007	0.04413039406950271	0.05337363888110828	0.06866795178651192	0.12289052268341512	0.2936637364487565	0.484688087842813	0.607906700078302	0.6992899033664944	0.7759117568766596	0.8359427661925798	0.8855105440946003	0.9250408137614455	0.9497901721813028	0.9668903679514418	0.9764589009984357	0.981125707812488	
1000	20.0	0.20	8.0
-1.0	-0.9	-0.8	-0.7	-0.6	-0.5	-0.4	-0.3	-0.2	-0.1	0.0	0.1	0.2	0.3	0.4	0.5	0.6	0.7	0.8	0.9	1.0	
0.016456142683487676	0.018914428741590536	0.020992249753725486	0.02204865415196849	0.02605229297149094	0.03093047468446557	0.03258700210600488	0.046183924163290264	0.06258526751026443	0.12446865963346176	0.3611251636118295	0.5333285760105242	0.6595087496087164	0.7637772939819862	0.8478375196640353	0.9003998711775129	0.9349466280760999	0.9585341054605557	0.9694155616511677	0.9770710610039618	0.9812833830434403	
1000	30.0	0.20	8.0
-1.0	-0.9	-0.8	-0.7	-0.6	-0.5	-0.4	-0.3	-0.2	-0.1	0.0	0.1	0.2	0.3	0.4	0.5	0.6	0.7	0.8	0.9	1.0	
0.012985691161059451	0.013981581479730752	0.014855529520144916	0.01629111635177927	0.018454844305891737	0.01811444230115156	0.02113057522113451	0.027774644456526904	0.028215685132389152	0.04369453033692016	0.055978672221833135	0.1950375490467198	0.45984127056031443	0.6438358541125725	0.7664885551527175	0.8568785266542038	0.9154232384693268	0.9516066881126651	0.9692712531338443	0.9776006946324584	0.9824376857445968	
1000	40.0	0.20	8.0
-1.0	-0.9	-0.8	-0.7	-0.6	-0.5	-0.4	-0.3	-0.2	-0.1	0.0	0.1	0.2	0.3	0.4	0.5	0.6	0.7	0.8	0.9	1.0	
0.010513780593303728	0.009825717646731071	0.011244612488807492	0.013172615933018647	0.01291713834043517	0.01342469469592992	0.015879113755338813	0.018054131323512763	0.019556034400946238	0.02761939258488815	0.03971779687702411	0.06589424815199915	0.18221456913172684	0.4996778338576662	0.6896513029527054	0.8209946659817383	0.9100080395820479	0.9569707213193439	0.9753216170652739	0.9825572562451924	0.9860983815660429	
1000	I	0.20	8.0
-1.0	-0.9	-0.8	-0.7	-0.6	-0.5	-0.4	-0.3	-0.2	-0.1	0.0	0.1	0.2	0.3	0.4	0.5	0.6	0.7	0.8	0.9	1.0	
0.00815440170122833	0.008084932115280687	0.0077856233775722445	0.008670017944475333	0.009378638821035847	0.01023361394354519	0.013521428192354353	0.01443306673055394	0.01591846500273162	0.019961230997481285	0.031012027189510884	0.0350566394864086	0.09131024224578455	0.32834585574378455	0.6457937082569526	0.81566363421638	0.9165487814739807	0.9646564520004842	0.9797656367417377	0.9851688670684497	0.9877709031037026	
