1000	I	1.0	0.20	0.0
-0.5	-0.4	-0.3	-0.2	-0.1	0.0	0.1	0.2	0.3	0.4	0.5	0.6	0.7	0.8	0.9	1.0	
0.007761564446730834	0.00865920059690348	0.009877497726511596	0.01172025646035598	0.015065254301558076	0.0252792192249362	0.8773536456508285	0.9457468117784629	0.9649382725382308	0.9740796595283502	0.9794356802225135	0.9829556518806536	0.985445633577301	0.9872999590173219	0.9887344745320059	0.9898772681060383	
1000	I	1.0	0.20	1.0
-0.5	-0.4	-0.3	-0.2	-0.1	0.0	0.1	0.2	0.3	0.4	0.5	0.6	0.7	0.8	0.9	1.0	
0.007746387647066318	0.008432161571071697	0.009689417047342526	0.012017969734791438	0.014837755527506385	0.028601670799662422	0.83667571210006	0.9426902167650117	0.9641282014501137	0.9737505547156976	0.9792689487471382	0.9828591149361177	0.9853845717694203	0.9872588458025529	0.988705478495076	0.9898560727723753	
1000	I	1.0	0.20	2.0
-0.5	-0.4	-0.3	-0.2	-0.1	0.0	0.1	0.2	0.3	0.4	0.5	0.6	0.7	0.8	0.9	1.0	
0.007732399729299582	0.009164699942667267	0.01072948811413919	0.012558168671201114	0.016211881645349754	0.027016319938363127	0.5404964239053237	0.9250930077262252	0.9610192439172291	0.9726230326474712	0.9787263283841121	0.9825543934166143	0.9851957854637023	0.9871336260994861	0.9886181325988218	0.9897927330614573	
1000	I	1.0	0.20	3.0
-0.5	-0.4	-0.3	-0.2	-0.1	0.0	0.1	0.2	0.3	0.4	0.5	0.6	0.7	0.8	0.9	1.0	
0.008372488569096224	0.009272762450766393	0.010296126176694035	0.011297978566422789	0.016495244507507	0.029735227518242778	0.13368058232765934	0.8262937473416823	0.9503019232498182	0.9700515536037317	0.9776549073968935	0.9819883028254072	0.9848565295243418	0.9869131527484012	0.9884664167520262	0.9896837526966967	
1000	I	1.0	0.20	4.0
-0.5	-0.4	-0.3	-0.2	-0.1	0.0	0.1	0.2	0.3	0.4	0.5	0.6	0.7	0.8	0.9	1.0	
0.009219045666885313	0.00967174776924038	0.012022193959112717	0.0150861724004897	0.016436011388642112	0.027723682832955805	0.07671304430497439	0.6334074350372683	0.8977007792014063	0.9623239856512639	0.9754463368151232	0.9810226560857365	0.9843158018410104	0.9865744048968692	0.9882385242720435	0.9895225093756878	
1000	I	1.0	0.20	5.0
-0.5	-0.4	-0.3	-0.2	-0.1	0.0	0.1	0.2	0.3	0.4	0.5	0.6	0.7	0.8	0.9	1.0	
0.008774669628952902	0.009835082021103244	0.011918646305169603	0.01626957888695956	0.018431185923096678	0.03188698391438928	0.05897738690885564	0.35937294695145716	0.7802179386058571	0.9299536631048604	0.969449355181849	0.9790965141996137	0.983448584433455	0.986070790887198	0.987912867023074	0.9892976312988291	
1000	I	1.0	0.20	6.0
-0.5	-0.4	-0.3	-0.2	-0.1	0.0	0.1	0.2	0.3	0.4	0.5	0.6	0.7	0.8	0.9	1.0	
0.009341595632403058	0.009270275750997328	0.012057929161351948	0.01518230978189464	0.016818880133455005	0.020875351232406365	0.041011164358792034	0.18303480789349402	0.6458459198561912	0.8504738342843755	0.9474717477815636	0.9741456913201715	0.9816706627006191	0.9852693799800951	0.9874465972552405	0.988989147283745	
1000	I	1.0	0.20	7.0
-0.5	-0.4	-0.3	-0.2	-0.1	0.0	0.1	0.2	0.3	0.4	0.5	0.6	0.7	0.8	0.9	1.0	
0.011307217948286232	0.012281000660061756	0.012818150407189139	0.014836894617446144	0.019867518711208638	0.03126137429819915	0.04423515624836845	0.1007058204180133	0.4837975343657991	0.752614149260817	0.8905915329639832	0.9580323877004508	0.9774989579469097	0.9836398365286148	0.9866681058412876	0.9885565635015292	
