1000	10.0	0.20	1.0
-1.0	-0.9	-0.8	-0.7	-0.6	-0.5	-0.4	-0.3	-0.2	-0.1	0.0	0.1	0.2	0.3	0.4	0.5	0.6	0.7	0.8	0.9	1.0	
0.007802902080517443	0.0082677802142403	0.007808132753972725	0.009422809774789835	0.00950682454350098	0.011762257737660684	0.012976950087596657	0.014666188269823877	0.018641728897779115	0.026068558724402092	0.1229396075218443	0.846687325892554	0.933570485521735	0.9582384886339375	0.9693158839674915	0.975607092342891	0.980459017258742	0.9835226642558966	0.9855281875543846	0.9868705836604305	0.9885144037817708	
1000	10.0	0.20	2.0
-1.0	-0.9	-0.8	-0.7	-0.6	-0.5	-0.4	-0.3	-0.2	-0.1	0.0	0.1	0.2	0.3	0.4	0.5	0.6	0.7	0.8	0.9	1.0	
0.012204517709678073	0.012101664310518258	0.01378751633888411	0.014087147176977685	0.013988447425642817	0.01659985651796389	0.0212461357693221	0.025785069539764914	0.03613353268925996	0.06016332864903212	0.4712597983905419	0.797719741999855	0.9088992112764993	0.9467935426257805	0.9640598448466271	0.9720570290941886	0.9775457631940501	0.981584765552649	0.9848549624786237	0.986550885019607	0.9877999395821547	
1000	10.0	0.20	3.0
-1.0	-0.9	-0.8	-0.7	-0.6	-0.5	-0.4	-0.3	-0.2	-0.1	0.0	0.1	0.2	0.3	0.4	0.5	0.6	0.7	0.8	0.9	1.0	
0.01519489203690943	0.017387306224539746	0.019877650351147143	0.01986933771387433	0.02214889002756378	0.025423152719087495	0.025640878270693696	0.03905571171233833	0.04026163551783816	0.139603017415215	0.5439369181726679	0.7508809174109674	0.8636538738308548	0.9240645960810386	0.9504540869610787	0.9665873392475227	0.9739827403269391	0.9785566131918519	0.9816279061897977	0.9848710513518035	0.9864958689398078	
1000	10.0	0.20	4.0
-1.0	-0.9	-0.8	-0.7	-0.6	-0.5	-0.4	-0.3	-0.2	-0.1	0.0	0.1	0.2	0.3	0.4	0.5	0.6	0.7	0.8	0.9	1.0	
0.01927768020686054	0.020416790875875824	0.02298195496509748	0.02327706312226617	0.029124276386290116	0.03347168251039494	0.04494236843137961	0.0473596057824857	0.0678737848486293	0.19180384378158574	0.5695709242966339	0.7245192566299204	0.827050910041425	0.8897782719699425	0.9319843629949082	0.9509139331921759	0.9660683968260342	0.9732402314071725	0.9792406730093071	0.9816486825898544	0.9842850473449289	
1000	10.0	0.20	5.0
-1.0	-0.9	-0.8	-0.7	-0.6	-0.5	-0.4	-0.3	-0.2	-0.1	0.0	0.1	0.2	0.3	0.4	0.5	0.6	0.7	0.8	0.9	1.0	
0.026044398210671206	0.02762936769505206	0.02298566179603346	0.02911191816179362	0.03806574659086152	0.03947358530313276	0.04653866808468042	0.07009422722516769	0.14581552330588846	0.34697810816495955	0.5543418930402555	0.6925317399737538	0.7743069593007847	0.8485379805443471	0.9072639968095932	0.9307968955444815	0.9515112412362539	0.9647617049978028	0.9722968593928382	0.9780950488884234	0.9810323014988068	
1000	10.0	0.20	6.0
-1.0	-0.9	-0.8	-0.7	-0.6	-0.5	-0.4	-0.3	-0.2	-0.1	0.0	0.1	0.2	0.3	0.4	0.5	0.6	0.7	0.8	0.9	1.0	
0.028306076844071177	0.029584253303318885	0.03540166946966077	0.03881899653221503	0.049189611804045144	0.04235088712642384	0.06937267777588875	0.09155058500733729	0.19705225804539173	0.39975434409298455	0.5722449937895611	0.6732789087058274	0.7528695831903955	0.8138883412369516	0.8702143998505154	0.9071180606359481	0.9352801344049176	0.9503426324844467	0.96176560126824	0.9706858649363521	0.9772811359366796	
1000	10.0	0.20	7.0
-1.0	-0.9	-0.8	-0.7	-0.6	-0.5	-0.4	-0.3	-0.2	-0.1	0.0	0.1	0.2	0.3	0.4	0.5	0.6	0.7	0.8	0.9	1.0	
0.03244603391017019	0.03331278940976032	0.039054859678586906	0.04260568955049214	0.05231356896433794	0.06430073407941378	0.07237856201155587	0.137123530774246	0.22184420070243055	0.41401272178355314	0.5731961199664987	0.6538860180574815	0.7294071717793755	0.790293001789333	0.841024340491369	0.8800613615021018	0.9082616756669445	0.9285568400170543	0.9521331540948432	0.9605532662995854	0.9705376227180456	
1000	10.0	0.20	8.0
-1.0	-0.9	-0.8	-0.7	-0.6	-0.5	-0.4	-0.3	-0.2	-0.1	0.0	0.1	0.2	0.3	0.4	0.5	0.6	0.7	0.8	0.9	1.0	
0.03566208706215268	0.03830963158166377	0.03946184284271743	0.051465677144152976	0.0740829846953553	0.07513461270061154	0.0891430055305995	0.13425342827348566	0.31833860741335884	0.46507455278059523	0.5595124719454219	0.6495475447748791	0.7036551144270511	0.768124835451552	0.8070887901773338	0.85137109341092	0.8826876662359855	0.9120399748089767	0.9317574595012686	0.9474049978505338	0.9596252811441237	
