10000	1.0	0.20	8.0
-1.0	-0.9	-0.8	-0.7	-0.6	-0.5	-0.4	-0.3	-0.2	-0.1	0.0	0.1	0.2	0.3	0.4	0.5	
0.02853224244079629	0.030863618860674236	0.037058025755551435	0.04804459065275617	0.07265743467222352	0.24535026629393836	0.4415896397171264	0.545332368206464	0.6147019828968736	0.6702526700084201	0.717004826928268	0.7549337498820947	0.7881446563972447	0.8173956863430002	0.8421058497260729	0.8628122008830881	
10000	2.0	0.20	8.0
-1.0	-0.9	-0.8	-0.7	-0.6	-0.5	-0.4	-0.3	-0.2	-0.1	0.0	0.1	0.2	0.3	0.4	0.5	
0.019912808448549372	0.021951357840307155	0.025285398592391112	0.03008575023011515	0.0413553472052629	0.08623019463366238	0.3226576793126582	0.4978046314265464	0.5938321709552216	0.6697324856229079	0.7289798566913694	0.7791646415808662	0.8216316450737257	0.8582281210041858	0.8883076729618308	0.9130748137803965	
10000	3.0	0.20	8.0
-1.0	-0.9	-0.8	-0.7	-0.6	-0.5	-0.4	-0.3	-0.2	-0.1	0.0	0.1	0.2	0.3	0.4	0.5	
0.012617685142750237	0.014194618597410016	0.0166663639676154	0.019100780089835446	0.024105575569212046	0.03297809081427807	0.06785417784616055	0.3720555269530033	0.5331791732782624	0.6372914549821012	0.7155354330734015	0.7800220450555406	0.8318747333701222	0.8753916544683772	0.9097995156137498	0.9352565101208595	
10000	4.0	0.20	8.0
-1.0	-0.9	-0.8	-0.7	-0.6	-0.5	-0.4	-0.3	-0.2	-0.1	0.0	0.1	0.2	0.3	0.4	0.5	
0.009626698575073282	0.010572094110767653	0.01195271622401107	0.013855394015032121	0.016146891407583335	0.02106323000028821	0.029796525735334218	0.13278020267188595	0.4522908692396313	0.5995592027479122	0.7034513293974978	0.7816503199947402	0.845298573965245	0.8921772457040019	0.9279076863511424	0.9508284119609689	
