10000	1.0	0.20	1.0
-1.0	-0.9	-0.8	-0.7	-0.6	-0.5	-0.4	-0.3	-0.2	-0.1	0.0	0.1	0.2	0.3	0.4	0.5	0.6	0.7	0.8	0.9	1.0	1.1	1.2	1.3	1.4	1.5	1.6	1.7	1.8	1.9	2.0	
0.004134180489536203	0.004453921372354566	0.004673102533803256	0.004919358853800419	0.005061955902198231	0.005335594285491255	0.0062154676840651246	0.006805153023146585	0.008196107292488998	0.011424243563023267	0.024351218269752253	0.7115604817434369	0.865603509697001	0.9134542989578416	0.9336642431647484	0.9437259959779192	0.9485380084449441	0.9530194100349727	0.9572639101578784	0.9598152799344473	0.9622163084614627	0.9634854061167017	0.9654928166793766	0.9662093694747449	0.9675266477724707	0.968575839529256	0.9701692626778569	0.9706605545624754	0.971564772139162	0.9724121224781761	0.9734851692997701	
10000	1.0	0.20	2.0
-1.0	-0.9	-0.8	-0.7	-0.6	-0.5	-0.4	-0.3	-0.2	-0.1	0.0	0.1	0.2	0.3	0.4	0.5	0.6	0.7	0.8	0.9	1.0	1.1	1.2	1.3	1.4	1.5	1.6	1.7	1.8	1.9	2.0	
0.006572058370952332	0.00657887923156104	0.007100674982955596	0.008488557923844878	0.009080018072012506	0.009286294435230946	0.010775064053351453	0.012634252353497476	0.015099900544595346	0.02454546235481657	0.3967931830334713	0.7080621937065972	0.8235356687664342	0.8807485901991814	0.9119467848974259	0.9296848902152484	0.9413894459446184	0.9482684587637212	0.9529625952845588	0.956854973076139	0.9601032676518063	0.9619650909742641	0.963577441631991	0.965362041102684	0.9674302326812333	0.9680149830749517	0.9695661000711746	0.9700735479012266	0.9713006989672195	0.9719804594257274	0.9728745389922544	
10000	1.0	0.20	3.0
-1.0	-0.9	-0.8	-0.7	-0.6	-0.5	-0.4	-0.3	-0.2	-0.1	0.0	0.1	0.2	0.3	0.4	0.5	0.6	0.7	0.8	0.9	1.0	1.1	1.2	1.3	1.4	1.5	1.6	1.7	1.8	1.9	2.0	
0.009111597521157113	0.009524176919993502	0.010449788051615354	0.011356776576297915	0.012671903823576197	0.013878285122459246	0.015381621897960246	0.020689027777026338	0.027649948492904787	0.1463168406999181	0.5758216873953029	0.7240953449953106	0.8066680071717858	0.8598328192511533	0.8930447883453979	0.9149620416280223	0.9295835515706724	0.9399440710060502	0.9470107220535793	0.9519012215677096	0.9559681909417822	0.9593477874338783	0.961316805108315	0.9640981538426445	0.9654679422147687	0.9667243049435781	0.9686371020035219	0.9698491818704136	0.9709395423446135	0.9711332802850837	0.9728155560698568	
10000	1.0	0.20	4.0
-1.0	-0.9	-0.8	-0.7	-0.6	-0.5	-0.4	-0.3	-0.2	-0.1	0.0	0.1	0.2	0.3	0.4	0.5	0.6	0.7	0.8	0.9	1.0	1.1	1.2	1.3	1.4	1.5	1.6	1.7	1.8	1.9	2.0	
0.011189796588581684	0.012383496202866643	0.0140080869200057	0.015575094282653287	0.017408044602576122	0.019877391097217808	0.02360073604107573	0.03275291766721619	0.08301022397539957	0.4837989264399015	0.6387034051845092	0.7335647987258783	0.7987955075365448	0.843727966175164	0.8772076793247278	0.9010379650637159	0.9188857181464689	0.9307143668761586	0.9397652313784963	0.9462373427698658	0.9521611453831145	0.9561222204577993	0.9595212417538027	0.961816819782374	0.9640686030223241	0.9655144625968666	0.9677405703969277	0.9684305697263673	0.9704740876049118	0.9704025790618541	0.9713834641968873	
10000	1.0	0.20	5.0
-1.0	-0.9	-0.8	-0.7	-0.6	-0.5	-0.4	-0.3	-0.2	-0.1	0.0	0.1	0.2	0.3	0.4	0.5	0.6	0.7	0.8	0.9	1.0	1.1	1.2	1.3	1.4	1.5	1.6	1.7	1.8	1.9	2.0	
0.014979988532002022	0.01653053723435551	0.016899697552415265	0.0199658500452791	0.02178996362960828	0.029635809546295626	0.03987770592591612	0.08159607325551889	0.4188105953722072	0.5751069796122037	0.6730872330045112	0.7417052558366611	0.7937120006197945	0.8351419125021403	0.8656566341082768	0.8888740165346636	0.9084432973510077	0.9215557415589097	0.9318144685067278	0.9406393426106833	0.9467358129557997	0.9515399080845347	0.9557993598578876	0.9587026194776038	0.9614177224894295	0.9640785220433596	0.966018289773426	0.9676422373912301	0.968490135937824	0.9704260973618274	0.9706495906028355	
10000	1.0	0.20	6.0
-1.0	-0.9	-0.8	-0.7	-0.6	-0.5	-0.4	-0.3	-0.2	-0.1	0.0	0.1	0.2	0.3	0.4	0.5	0.6	0.7	0.8	0.9	1.0	1.1	1.2	1.3	1.4	1.5	1.6	1.7	1.8	1.9	2.0	
0.01827328452050489	0.01954183429547126	0.022909710201502776	0.027694535629037547	0.030573578409988922	0.042674867862188624	0.07008182345297938	0.3519432261387817	0.5243066788058279	0.620773476751888	0.6932534393479454	0.7474697132199937	0.79099988860119	0.8270592891908859	0.8556640691397661	0.8792306139376631	0.8982926526776918	0.9130307328340603	0.9251816134071401	0.9342430817680347	0.9416684544592424	0.9472413878257987	0.9518386069627762	0.9547289888841155	0.9587788724106007	0.9614170999644631	0.9638888169599547	0.9651793187906705	0.9673290981435683	0.9685169986665251	0.9696326292471988	
10000	1.0	0.20	7.0
-1.0	-0.9	-0.8	-0.7	-0.6	-0.5	-0.4	-0.3	-0.2	-0.1	0.0	0.1	0.2	0.3	0.4	0.5	0.6	0.7	0.8	0.9	1.0	1.1	1.2	1.3	1.4	1.5	1.6	1.7	1.8	1.9	2.0	
0.02166363842469062	0.025904889767146354	0.029303751230806363	0.032898298294627606	0.04636019792467416	0.07697583393481591	0.31227870289416815	0.4813293587793643	0.5818774152218157	0.6515795692094094	0.7079211294836438	0.7514556282253941	0.7901940556558371	0.8217983489568885	0.8487580445510288	0.869596536712509	0.8889350486138049	0.904533599606004	0.9169441890228418	0.9276033515902377	0.9362337850054538	0.9429477232271705	0.9476177381085629	0.9525119672283837	0.9560178775899434	0.9593357692821904	0.9619475665689654	0.9645842116420219	0.9657440023183431	0.9679458427457645	0.9683246864968729	
10000	1.0	0.20	8.0
-1.0	-0.9	-0.8	-0.7	-0.6	-0.5	-0.4	-0.3	-0.2	-0.1	0.0	0.1	0.2	0.3	0.4	0.5	0.6	0.7	0.8	0.9	1.0	1.1	1.2	1.3	1.4	1.5	1.6	1.7	1.8	1.9	2.0	
0.02853224244079629	0.030863618860674236	0.037058025755551435	0.04804459065275617	0.07265743467222352	0.24535026629393836	0.4415896397171264	0.545332368206464	0.6147019828968736	0.6702526700084201	0.717004826928268	0.7549337498820947	0.7881446563972447	0.8173956863430002	0.8421058497260729	0.8628122008830881	0.8812641637145472	0.8975279367651694	0.9101957619720362	0.9219047718981319	0.9296277547466973	0.9379855560982093	0.9439520961474823	0.9486820432970099	0.9529827674950161	0.956295377937515	0.9591879238280603	0.9609944535169905	0.9643474273968108	0.9662305148164277	0.9668473110631286	
