10000	1.0	1.0	0.20	0.0
-1.0	-0.9	-0.8	-0.7	-0.6	-0.5	-0.4	-0.3	-0.2	-0.1	0.0	0.1	0.2	0.3	0.4	0.5	0.6	0.7	0.8	0.9	1.0	
0.0025118943546669796	0.0025476108551990245	0.0026088344219448887	0.0027840845313013	0.002595958828702544	0.002761590242999484	0.002942894586046963	0.0031117735481636065	0.003779720845396931	0.004538282206104785	0.008376691282653052	0.8449820706451469	0.9152873674977077	0.9330482109579178	0.941820860645316	0.947256708713819	0.9519624436476656	0.9559281012559933	0.9584974169182058	0.9595588350713287	0.9618385386101215	
10000	1.0	1.0	0.20	1.0
-1.0	-0.9	-0.8	-0.7	-0.6	-0.5	-0.4	-0.3	-0.2	-0.1	0.0	0.1	0.2	0.3	0.4	0.5	0.6	0.7	0.8	0.9	1.0	
0.0049138294934806676	0.0046450635597795175	0.005273028554972492	0.005098083344126029	0.00576912267908412	0.005868969963736576	0.006576078637315334	0.007673515743629964	0.008347616768231814	0.011397912484355394	0.02436211338255485	0.7143108921853888	0.8642148319967109	0.9122798321321852	0.9318463055811433	0.9425673902596421	0.9496889308606351	0.9540427701499266	0.9570889456462259	0.9599713896232002	0.9616277980686979	
10000	1.0	1.0	0.20	2.0
-1.0	-0.9	-0.8	-0.7	-0.6	-0.5	-0.4	-0.3	-0.2	-0.1	0.0	0.1	0.2	0.3	0.4	0.5	0.6	0.7	0.8	0.9	1.0	
0.007402847995667957	0.007391940068069583	0.007704676874903668	0.00804023633437832	0.009390412459018959	0.010345429919000431	0.011698146458138653	0.013231611607789453	0.016810220200259386	0.029969082810275844	0.4507217107442151	0.7179347743773692	0.8250393064648212	0.8804293400807601	0.9105519229590759	0.9289062418410406	0.93996076640554	0.9480282498146477	0.9528347302625795	0.9567729425471849	0.9591007951559846	
10000	1.0	1.0	0.20	3.0
-1.0	-0.9	-0.8	-0.7	-0.6	-0.5	-0.4	-0.3	-0.2	-0.1	0.0	0.1	0.2	0.3	0.4	0.5	0.6	0.7	0.8	0.9	1.0	
0.009892162383648139	0.010386801241296553	0.010997247252420168	0.01152799826982595	0.012767951748598369	0.016341782467211914	0.015706572879666106	0.02262028828648408	0.03355108205104987	0.3266796474247272	0.6070489898206922	0.7353012911531945	0.810015399273672	0.8596721558590243	0.8927330018801406	0.913663021224308	0.928276982912515	0.9388335695507202	0.946929793857034	0.9516749319457732	0.9566335081937043	
10000	1.0	1.0	0.20	4.0
-1.0	-0.9	-0.8	-0.7	-0.6	-0.5	-0.4	-0.3	-0.2	-0.1	0.0	0.1	0.2	0.3	0.4	0.5	0.6	0.7	0.8	0.9	1.0	
0.011976991892799478	0.012966246985431912	0.014673288539276925	0.01773763835662321	0.018675117595405487	0.022124852465014083	0.0267354979481217	0.03979873708043065	0.2738218858129621	0.5390498932359313	0.6642521880113124	0.7460853132808698	0.8033753659876567	0.8462573859094478	0.8787233972652795	0.9000607816008884	0.9180831557199985	0.9299245697055681	0.9387383428100915	0.9461923537561594	0.951258285421779	
10000	1.0	1.0	0.20	5.0
-1.0	-0.9	-0.8	-0.7	-0.6	-0.5	-0.4	-0.3	-0.2	-0.1	0.0	0.1	0.2	0.3	0.4	0.5	0.6	0.7	0.8	0.9	1.0	
0.015644493450892992	0.017939450347952048	0.019388350826255448	0.021998625547669643	0.02754690078940688	0.03409206216413734	0.054320294649864084	0.24174109802088287	0.4952737679913534	0.6119750505865643	0.6923346630799289	0.753251659036047	0.8001938362141768	0.8365644641002525	0.8659234809654036	0.8890754339288683	0.9071493168066308	0.9207868168188014	0.9316348497061411	0.9393371232713195	0.9459489013995297	
10000	1.0	1.0	0.20	6.0
-1.0	-0.9	-0.8	-0.7	-0.6	-0.5	-0.4	-0.3	-0.2	-0.1	0.0	0.1	0.2	0.3	0.4	0.5	0.6	0.7	0.8	0.9	1.0	
0.0198169170451508	0.02219463945279476	0.02586295831628327	0.030250460017638973	0.03843473240803504	0.05627768963114608	0.21789188509294224	0.456044128946348	0.5731260749767384	0.6496705354608036	0.7098342485262583	0.7584898651849503	0.797231681368922	0.8303300272085744	0.8572868157351599	0.8786653869305656	0.8967606377868869	0.9116349633019482	0.9238527009916735	0.933629485384434	0.9405683385292427	
10000	1.0	1.0	0.20	7.0
-1.0	-0.9	-0.8	-0.7	-0.6	-0.5	-0.4	-0.3	-0.2	-0.1	0.0	0.1	0.2	0.3	0.4	0.5	0.6	0.7	0.8	0.9	1.0	
0.025296257434853874	0.027742119060977864	0.03473730924821419	0.043932185013870424	0.06443896082188635	0.2024719451102243	0.42484960472929345	0.5404864044548284	0.614705344485268	0.6734385811270295	0.7216550512635507	0.7601085424462555	0.7948120313963105	0.8234587527906736	0.8487725472045218	0.8702061105732529	0.8875567845459876	0.9026422677299566	0.915866336823896	0.9265528521149349	0.9343727872472574	
10000	1.0	1.0	0.20	8.0
-1.0	-0.9	-0.8	-0.7	-0.6	-0.5	-0.4	-0.3	-0.2	-0.1	0.0	0.1	0.2	0.3	0.4	0.5	0.6	0.7	0.8	0.9	1.0	
0.03315182173555525	0.039813677074288165	0.04554949499733628	0.07236283609362977	0.1679607507850207	0.3981135287656859	0.5118362518729626	0.5859999494914799	0.6429528278247428	0.6890167138557592	0.7284420873150413	0.762647161731412	0.7936041925601088	0.819338646541189	0.8426640474557869	0.8626410695879235	0.8798704003826098	0.8945061318518521	0.9083530917726396	0.9191270456647492	0.9284868054061837	
