1000	rep	0.20	8.0
-1.0	-0.9	-0.8	-0.7	-0.6	-0.5	-0.4	-0.3	-0.2	-0.1	0.0	0.1	0.2	0.3	0.4	0.5	0.6	0.7	0.8	0.9	1.0	1.1	1.2	1.3	1.4	1.5	1.6	1.7	1.8	1.9	2.0	
0.008303788989384178	0.008211980267928477	0.007599389707671372	0.008758568329443703	0.009132445616804895	0.010277619137920187	0.013624123752657586	0.014455051499509729	0.01588242753387481	0.02004913328905138	0.03061298797164937	0.03522241301239961	0.09244391319527923	0.3332773880542077	0.6480442241371369	0.8166217536410555	0.917114200008191	0.9648286193347263	0.9798019559931865	0.9852002431188291	0.9877876234810601	0.9894244501821263	0.9905841546328762	0.9914801108807034	0.9922044103400826	0.9928059021617086	0.9933153097821624	0.9937533770726572	0.9941347850692022	0.9944702937122272	0.9947680091609029	
1000	norep	0.20	8.0
-1.0	-0.9	-0.8	-0.7	-0.6	-0.5	-0.4	-0.3	-0.2	-0.1	0.0	0.1	0.2	0.3	0.4	0.5	0.6	0.7	0.8	0.9	1.0	
0.007693384180809458	0.007843733125368159	0.00857916329025726	0.00908722179701813	0.010515599399368499	0.010557756901628749	0.012951353447270057	0.01565144599004358	0.015658897913737188	0.01996429824450347	0.03050533153022079	0.03453889133410569	0.0911372311486945	0.3285187556212371	0.6454525796860331	0.8156892268384757	0.9167355811950948	0.9646308993965297	0.9797771197422385	0.9851950177203637	0.9878175342076027	
5000	rep	0.20	8.0
-0.1	0.0	0.1	0.2	0.3	0.4	0.5	0.6	0.7	0.8	0.9	1.0	
0.007605831716668167	0.011262604007213278	0.04459174525666158	0.7212629712266327	0.9304136692182345	0.9664615920166673	0.9765249516518096	0.9814385041041271	0.9845335839307439	0.9867015126647221	0.988317081181755	0.9895724146351101	
5000	norep	1.0	0.20	8.0
-0.2	-0.1	0.0	0.1	0.2	0.3	0.4	0.5	0.6	0.7	0.8	0.9	1.0	
0.005939211954712694	0.007237662022007166	0.011808222552924807	0.04459174525666158	0.716727269870131	0.9298062317669602	0.9664493812326668	0.9765220677566466	0.9813822707900136	0.9845272313120551	0.9867101169595706	0.988316186344704	0.9895737883358833	
