10000	2.0	0.20	8.0
-1.0	-0.5	0.0	0.5	1.0	1.5	2.0	2.5	3.0	3.5	4.0	4.5	5.0	
0.01600546403594672	0.020266150260156213	0.026870648445081403	0.04675434901909683	0.29580365968907557	0.6568633919124194	0.7819978367198034	0.858146616882005	0.9096105745832944	0.9428790017324687	0.9633484314271761	0.9754671229687236	0.9813925078433992	
10000	3.0	0.20	8.0
-1.0	-0.5	0.0	0.5	1.0	1.5	2.0	2.5	3.0	3.5	4.0	4.5	5.0	
0.015228163555417328	0.022298332626625242	0.044907896874025466	0.516102770936644	0.7402953704085509	0.8496870746515623	0.919449705273985	0.960638337558305	0.9790616632675275	0.9863437660961241	0.9898505638949511	0.9920940844877332	0.9931268893733316	
10000	4.0	0.20	8.0
-1.0	-0.5	0.0	0.5	1.0	1.5	2.0	2.5	3.0	3.5	4.0	4.5	5.0	
0.0141141243439452	0.021868113080972407	0.0921830336935531	0.6843267057176924	0.8359155125576194	0.9228467844515944	0.967703399978744	0.9849261213045725	0.9899971519018846	0.9925617168822894	0.994188469683014	0.9955373180092343	0.9958931547427112	
10000	5.0	0.20	8.0
-1.0	-0.5	0.0	0.5	1.0	1.5	2.0	2.5	3.0	3.5	4.0	4.5	5.0	
0.012113866130326096	0.021980074035034963	0.3921437518788728	0.7533745737133574	0.8902810096199734	0.9585694883765495	0.9818411086915468	0.9902529396715452	0.993101122606866	0.9947926732114438	0.9959227091592088	0.9965857408844732	0.9970364596392305	
